3988831.5559 3057186.2122 3914104.7923
3986064.5320 3055065.4640 3918547.0650
3983294.3544 3052942.2987 3922986.2791
3980521.0255 3050816.7181 3927422.4309
3977744.5471 3048688.7237 3931855.5170
3974964.9216 3046558.3171 3936285.5338
3972182.1509 3044425.5000 3940712.4777
3969396.2373 3042290.2741 3945136.3453
3966607.1829 3040152.6409 3949557.1330
3963814.9898 3038012.6021 3953974.8373
3961019.6601 3035870.1593 3958389.4546
3958221.1960 3033725.3142 3962800.9816
3955419.5996 3031578.0684 3967209.4145
3952614.8731 3029428.4235 3971614.7500
3949807.0186 3027276.3813 3976016.9845
3946996.0383 3025121.9433 3980416.1145
3944181.9342 3022965.1111 3984812.1364
3941364.7087 3020805.8866 3989205.0469
3938544.3638 3018644.2712 3993594.8424
3935720.9016 3016480.2667 3997981.5193
3932894.3244 3014313.8747 4002365.0742
3929780.5181 3018372.2404 4002365.0742
3929780.5181 3018372.2404 4002365.0742
3932604.8574 3020541.5492 3997981.5193
3935426.0841 3022708.4672 3993594.8424
3938244.1961 3024872.9929 3989205.0469
3941059.1911 3027035.1246 3984812.1364
3943871.0671 3029194.8606 3980416.1145
3946679.8219 3031352.1993 3976016.9845
3949485.4534 3033507.1390 3971614.7500
3952287.9593 3035659.6780 3967209.4145
3955087.3375 3037809.8148 3962800.9816
3957883.5860 3039957.5477 3958389.4546
3960676.7025 3042102.8749 3953974.8373
3963466.6850 3044245.7950 3949557.1330
3966253.5312 3046386.3063 3945136.3453
3969037.2391 3048524.4070 3940712.4777
3971817.8065 3050660.0956 3936285.5338
3974595.2314 3052793.3705 3931855.5170
3977369.5115 3054924.2299 3927422.4309
3980140.6447 3057052.6724 3922986.2791
3982908.6290 3059178.6962 3918547.0650
3985673.4622 3061302.2997 3914104.7923
3985673.4622 3061302.2997 3914104.7923
3982908.6290 3059178.6962 3918547.0650
3980140.6447 3057052.6724 3922986.2791
3977369.5115 3054924.2299 3927422.4309
3974595.2314 3052793.3705 3931855.5170
3971817.8065 3050660.0956 3936285.5338
3969037.2391 3048524.4070 3940712.4777
3966253.5312 3046386.3063 3945136.3453
3963466.6850 3044245.7950 3949557.1330
3960676.7025 3042102.8749 3953974.8373
3957883.5860 3039957.5477 3958389.4546
3955087.3375 3037809.8148 3962800.9816
3952287.9593 3035659.6780 3967209.4145
3949485.4534 3033507.1390 3971614.7500
3946679.8219 3031352.1993 3976016.9845
3943871.0671 3029194.8606 3980416.1145
3941059.1911 3027035.1246 3984812.1364
3938244.1961 3024872.9929 3989205.0469
3935426.0841 3022708.4672 3993594.8424
3932604.8574 3020541.5492 3997981.5193
3929780.5181 3018372.2404 4002365.0742
3926662.5240 3022427.3895 4002365.0742
3926662.5240 3022427.3895 4002365.0742
3929484.6223 3024599.6127 3997981.5193
3932303.6106 3026769.4420 3993594.8424
3935119.4866 3028936.8758 3989205.0469
3937932.2482 3031101.9122 3984812.1364
3940741.8932 3033264.5498 3980416.1145
3943548.4194 3035424.7868 3976016.9845
3946351.8248 3037582.6217 3971614.7500
3949152.1071 3039738.0526 3967209.4145
3951949.2643 3041891.0781 3962800.9816
3954743.2941 3044041.6964 3958389.4546
3957534.1945 3046189.9059 3953974.8373
3960321.9633 3048335.7050 3949557.1330
3963106.5984 3050479.0920 3945136.3453
3965888.0976 3052620.0652 3940712.4777
3968666.4589 3054758.6231 3936285.5338
3971441.6800 3056894.7640 3931855.5170
3974213.7589 3059028.4863 3927422.4309
3976982.6935 3061159.7883 3922986.2791
3979748.4815 3063288.6684 3918547.0650
3982511.1210 3065415.1249 3914104.7923
3982511.1210 3065415.1249 3914104.7923
3979748.4815 3063288.6684 3918547.0650
3976982.6935 3061159.7883 3922986.2791
3974213.7589 3059028.4863 3927422.4309
3971441.6800 3056894.7640 3931855.5170
3968666.4589 3054758.6231 3936285.5338
3965888.0976 3052620.0652 3940712.4777
3963106.5984 3050479.0920 3945136.3453
3960321.9633 3048335.7050 3949557.1330
3957534.1945 3046189.9059 3953974.8373
3954743.2941 3044041.6964 3958389.4546
3951949.2643 3041891.0781 3962800.9816
3949152.1071 3039738.0526 3967209.4145
3946351.8248 3037582.6217 3971614.7500
3943548.4194 3035424.7868 3976016.9845
3940741.8932 3033264.5498 3980416.1145
3937932.2482 3031101.9122 3984812.1364
3935119.4866 3028936.8758 3989205.0469
3932303.6106 3026769.4420 3993594.8424
3929484.6223 3024599.6127 3997981.5193
3926662.5240 3022427.3895 4002365.0742
3923540.3453 3026479.3178 4002365.0742
3923540.3453 3026479.3178 4002365.0742
3926360.1998 3028654.4531 3997981.5193
3929176.9466 3030827.1913 3993594.8424
3931990.5836 3032997.5308 3989205.0469
3934801.1087 3035165.4697 3984812.1364
3937608.5197 3037331.0066 3980416.1145
3940412.8144 3039494.1397 3976016.9845
3943213.9907 3041654.8673 3971614.7500
3946012.0465 3043813.1879 3967209.4145
3948806.9795 3045969.0998 3962800.9816
3951598.7878 3048122.6013 3958389.4546
3954387.4691 3050273.6907 3953974.8373
3957173.0212 3052422.3665 3949557.1330
3959955.4422 3054568.6269 3945136.3453
3962734.7298 3056712.4704 3940712.4777
3965510.8819 3058853.8953 3936285.5338
3968283.8964 3060992.8999 3931855.5170
3971053.7712 3063129.4827 3927422.4309
3973820.5041 3065263.6420 3922986.2791
3976584.0930 3067395.3761 3918547.0650
3979344.5359 3069524.6834 3914104.7923
3979344.5359 3069524.6834 3914104.7923
3976584.0930 3067395.3761 3918547.0650
3973820.5041 3065263.6420 3922986.2791
3971053.7712 3063129.4827 3927422.4309
3968283.8964 3060992.8999 3931855.5170
3965510.8819 3058853.8953 3936285.5338
3962734.7298 3056712.4704 3940712.4777
3959955.4422 3054568.6269 3945136.3453
3957173.0212 3052422.3665 3949557.1330
3954387.4691 3050273.6907 3953974.8373
3951598.7878 3048122.6013 3958389.4546
3948806.9795 3045969.0998 3962800.9816
3946012.0465 3043813.1879 3967209.4145
3943213.9907 3041654.8673 3971614.7500
3940412.8144 3039494.1397 3976016.9845
3937608.5197 3037331.0066 3980416.1145
3934801.1087 3035165.4697 3984812.1364
3931990.5836 3032997.5308 3989205.0469
3929176.9466 3030827.1913 3993594.8424
3926360.1998 3028654.4531 3997981.5193
3923540.3453 3026479.3178 4002365.0742
3920413.9854 3030528.0208 4002365.0742
3920413.9854 3030528.0208 4002365.0742
3923231.5930 3032706.0660 3997981.5193
3926046.0954 3034881.7108 3993594.8424
3928857.4904 3037054.9536 3989205.0469
3931665.7760 3039225.7927 3984812.1364
3934470.9500 3041394.2266 3980416.1145
3937273.0102 3043560.2534 3976016.9845
3940071.9544 3045723.8716 3971614.7500
3942867.7807 3047885.0795 3967209.4145
3945660.4867 3050043.8755 3962800.9816
3948450.0704 3052200.2578 3958389.4546
3951236.5296 3054354.2249 3953974.8373
3954019.8622 3056505.7751 3949557.1330
3956800.0660 3058654.9067 3945136.3453
3959577.1390 3060801.6181 3940712.4777
3962351.0790 3062945.9077 3936285.5338
3965121.8839 3065087.7739 3931855.5170
3967889.5516 3067227.2149 3927422.4309
3970654.0799 3069364.2291 3922986.2791
3973415.4668 3071498.8150 3918547.0650
3976173.7101 3073630.9708 3914104.7923
3976173.7101 3073630.9708 3914104.7923
3973415.4668 3071498.8150 3918547.0650
3970654.0799 3069364.2291 3922986.2791
3967889.5516 3067227.2149 3927422.4309
3965121.8839 3065087.7739 3931855.5170
3962351.0790 3062945.9077 3936285.5338
3959577.1390 3060801.6181 3940712.4777
3956800.0660 3058654.9067 3945136.3453
3954019.8622 3056505.7751 3949557.1330
3951236.5296 3054354.2249 3953974.8373
3948450.0704 3052200.2578 3958389.4546
3945660.4867 3050043.8755 3962800.9816
3942867.7807 3047885.0795 3967209.4145
3940071.9544 3045723.8716 3971614.7500
3937273.0102 3043560.2534 3976016.9845
3934470.9500 3041394.2266 3980416.1145
3931665.7760 3039225.7927 3984812.1364
3928857.4904 3037054.9536 3989205.0469
3926046.0954 3034881.7108 3993594.8424
3923231.5930 3032706.0660 3997981.5193
3920413.9854 3030528.0208 4002365.0742
3917283.4477 3034573.4943 4002365.0742
3917283.4477 3034573.4943 4002365.0742
3920098.8053 3036754.4470 3997981.5193
3922911.0603 3038932.9960 3993594.8424
3925720.2104 3041109.1399 3989205.0469
3928526.2535 3043282.8770 3984812.1364
3931329.1875 3045454.2054 3980416.1145
3934129.0101 3047623.1237 3976016.9845
3936925.7194 3049789.6302 3971614.7500
3939719.3131 3051953.7231 3967209.4145
3942509.7891 3054115.4008 3962800.9816
3945297.1452 3056274.6617 3958389.4546
3948081.3794 3058431.5042 3953974.8373
3950862.4894 3060585.9265 3949557.1330
3953640.4732 3062737.9270 3945136.3453
3956415.3287 3064887.5041 3940712.4777
3959187.0536 3067034.6561 3936285.5338
3961955.6460 3069179.3814 3931855.5170
3964721.1036 3071321.6784 3927422.4309
3967483.4244 3073461.5453 3922986.2791
3970242.6062 3075598.9807 3918547.0650
3972998.6470 3077733.9827 3914104.7923
3972998.6470 3077733.9827 3914104.7923
3970242.6062 3075598.9807 3918547.0650
3967483.4244 3073461.5453 3922986.2791
3964721.1036 3071321.6784 3927422.4309
3961955.6460 3069179.3814 3931855.5170
3959187.0536 3067034.6561 3936285.5338
3956415.3287 3064887.5041 3940712.4777
3953640.4732 3062737.9270 3945136.3453
3950862.4894 3060585.9265 3949557.1330
3948081.3794 3058431.5042 3953974.8373
3945297.1452 3056274.6617 3958389.4546
3942509.7891 3054115.4008 3962800.9816
3939719.3131 3051953.7231 3967209.4145
3936925.7194 3049789.6302 3971614.7500
3934129.0101 3047623.1237 3976016.9845
3931329.1875 3045454.2054 3980416.1145
3928526.2535 3043282.8770 3984812.1364
3925720.2104 3041109.1399 3989205.0469
3922911.0603 3038932.9960 3993594.8424
3920098.8053 3036754.4470 3997981.5193
3917283.4477 3034573.4943 4002365.0742
3914148.7355 3038615.7340 4002365.0742
3914148.7355 3038615.7340 4002365.0742
3916961.8402 3040799.5918 3997981.5193
3919771.8447 3042981.0428 3993594.8424
3922578.7468 3045160.0855 3989205.0469
3925382.5445 3047336.7180 3984812.1364
3928183.2355 3049510.9389 3980416.1145
3930980.8177 3051682.7463 3976016.9845
3933775.2889 3053852.1386 3971614.7500
3936566.6471 3056019.1143 3967209.4145
3939354.8901 3058183.6715 3962800.9816
3942140.0157 3060345.8087 3958389.4546
3944922.0218 3062505.5242 3953974.8373
3947700.9063 3064662.8163 3949557.1330
3950476.6671 3066817.6834 3945136.3453
3953249.3021 3068970.1239 3940712.4777
3956018.8090 3071120.1360 3936285.5338
3958785.1859 3073267.7183 3931855.5170
3961548.4305 3075412.8689 3927422.4309
3964308.5408 3077555.5863 3922986.2791
3967065.5147 3079695.8688 3918547.0650
3969819.3500 3081833.7148 3914104.7923
3969819.3500 3081833.7148 3914104.7923
3967065.5147 3079695.8688 3918547.0650
3964308.5408 3077555.5863 3922986.2791
3961548.4305 3075412.8689 3927422.4309
3958785.1859 3073267.7183 3931855.5170
3956018.8090 3071120.1360 3936285.5338
3953249.3021 3068970.1239 3940712.4777
3950476.6671 3066817.6834 3945136.3453
3947700.9063 3064662.8163 3949557.1330
3944922.0218 3062505.5242 3953974.8373
3942140.0157 3060345.8087 3958389.4546
3939354.8901 3058183.6715 3962800.9816
3936566.6471 3056019.1143 3967209.4145
3933775.2889 3053852.1386 3971614.7500
3930980.8177 3051682.7463 3976016.9845
3928183.2355 3049510.9389 3980416.1145
3925382.5445 3047336.7180 3984812.1364
3922578.7468 3045160.0855 3989205.0469
3919771.8447 3042981.0428 3993594.8424
3916961.8402 3040799.5918 3997981.5193
3914148.7355 3038615.7340 4002365.0742
3911009.8521 3042654.7355 4002365.0742
3911009.8521 3042654.7355 4002365.0742
3913820.7008 3044841.4961 3997981.5193
3916628.4519 3047025.8468 3993594.8424
3919433.1031 3049207.7859 3989205.0469
3922234.6523 3051387.3117 3984812.1364
3925033.0973 3053564.4225 3980416.1145
3927828.4360 3055739.1168 3976016.9845
3930620.6663 3057911.3927 3971614.7500
3933409.7860 3060081.2488 3967209.4145
3936195.7930 3062248.6832 3962800.9816
3938978.6851 3064413.6943 3958389.4546
3941758.4603 3066576.2805 3953974.8373
3944535.1163 3068736.4402 3949557.1330
3947308.6512 3070894.1716 3945136.3453
3950079.0626 3073049.4732 3940712.4777
3952846.3486 3075202.3432 3936285.5338
3955610.5070 3077352.7800 3931855.5170
3958371.5357 3079500.7820 3927422.4309
3961129.4326 3081646.3476 3922986.2791
3963884.1956 3083789.4750 3918547.0650
3966635.8225 3085930.1627 3914104.7923
3966635.8225 3085930.1627 3914104.7923
3963884.1956 3083789.4750 3918547.0650
3961129.4326 3081646.3476 3922986.2791
3958371.5357 3079500.7820 3927422.4309
3955610.5070 3077352.7800 3931855.5170
3952846.3486 3075202.3432 3936285.5338
3950079.0626 3073049.4732 3940712.4777
3947308.6512 3070894.1716 3945136.3453
3944535.1163 3068736.4402 3949557.1330
3941758.4603 3066576.2805 3953974.8373
3938978.6851 3064413.6943 3958389.4546
3936195.7930 3062248.6832 3962800.9816
3933409.7860 3060081.2488 3967209.4145
3930620.6663 3057911.3927 3971614.7500
3927828.4360 3055739.1168 3976016.9845
3925033.0973 3053564.4225 3980416.1145
3922234.6523 3051387.3117 3984812.1364
3919433.1031 3049207.7859 3989205.0469
3916628.4519 3047025.8468 3993594.8424
3913820.7008 3044841.4961 3997981.5193
3911009.8521 3042654.7355 4002365.0742
3907866.8008 3046690.4945 4002365.0742
3907866.8008 3046690.4945 4002365.0742
3910675.3907 3048880.1557 3997981.5193
3913480.8853 3051067.4037 3993594.8424
3916283.2826 3053252.2369 3989205.0469
3919082.5803 3055434.6536 3984812.1364
3921878.7764 3057614.6521 3980416.1145
3924671.8687 3059792.2309 3976016.9845
3927461.8550 3061967.3881 3971614.7500
3930248.7332 3064140.1222 3967209.4145
3933032.5013 3066310.4315 3962800.9816
3935813.1570 3068478.3143 3958389.4546
3938590.6982 3070643.7690 3953974.8373
3941365.1228 3072806.7939 3949557.1330
3944136.4287 3074967.3873 3945136.3453
3946904.6137 3077125.5476 3940712.4777
3949669.6758 3079281.2732 3936285.5338
3952431.6128 3081434.5623 3931855.5170
3955190.4226 3083585.4134 3927422.4309
3957946.1032 3085733.8249 3922986.2791
3960698.6523 3087879.7949 3918547.0650
3963448.0679 3090023.3220 3914104.7923
3963448.0679 3090023.3220 3914104.7923
3960698.6523 3087879.7949 3918547.0650
3957946.1032 3085733.8249 3922986.2791
3955190.4226 3083585.4134 3927422.4309
3952431.6128 3081434.5623 3931855.5170
3949669.6758 3079281.2732 3936285.5338
3946904.6137 3077125.5476 3940712.4777
3944136.4287 3074967.3873 3945136.3453
3941365.1228 3072806.7939 3949557.1330
3938590.6982 3070643.7690 3953974.8373
3935813.1570 3068478.3143 3958389.4546
3933032.5013 3066310.4315 3962800.9816
3930248.7332 3064140.1222 3967209.4145
3927461.8550 3061967.3881 3971614.7500
3924671.8687 3059792.2309 3976016.9845
3921878.7764 3057614.6521 3980416.1145
3919082.5803 3055434.6536 3984812.1364
3916283.2826 3053252.2369 3989205.0469
3913480.8853 3051067.4037 3993594.8424
3910675.3907 3048880.1557 3997981.5193
3907866.8008 3046690.4945 4002365.0742
3904719.5851 3050723.0068 4002365.0742
3904719.5851 3050723.0068 4002365.0742
3907525.9130 3052915.5661 3997981.5193
3910329.1482 3055105.7091 3993594.8424
3913129.2886 3057293.4341 3989205.0469
3915926.3319 3059478.7394 3984812.1364
3918720.2761 3061661.6233 3980416.1145
3921511.1189 3063842.0842 3976016.9845
3924298.8583 3066020.1205 3971614.7500
3927083.4921 3068195.7303 3967209.4145
3929865.0182 3070368.9122 3962800.9816
3932643.4345 3072539.6643 3958389.4546
3935418.7388 3074707.9851 3953974.8373
3938190.9290 3076873.8729 3949557.1330
3940960.0030 3079037.3261 3945136.3453
3943725.9587 3081198.3429 3940712.4777
3946488.7940 3083356.9217 3936285.5338
3949248.5066 3085513.0609 3931855.5170
3952005.0946 3087666.7588 3927422.4309
3954758.5558 3089818.0138 3922986.2791
3957508.8882 3091966.8242 3918547.0650
3960256.0895 3094113.1884 3914104.7923
3960256.0895 3094113.1884 3914104.7923
3957508.8882 3091966.8242 3918547.0650
3954758.5558 3089818.0138 3922986.2791
3952005.0946 3087666.7588 3927422.4309
3949248.5066 3085513.0609 3931855.5170
3946488.7940 3083356.9217 3936285.5338
3943725.9587 3081198.3429 3940712.4777
3940960.0030 3079037.3261 3945136.3453
3938190.9290 3076873.8729 3949557.1330
3935418.7388 3074707.9851 3953974.8373
3932643.4345 3072539.6643 3958389.4546
3929865.0182 3070368.9122 3962800.9816
3927083.4921 3068195.7303 3967209.4145
3924298.8583 3066020.1205 3971614.7500
3921511.1189 3063842.0842 3976016.9845
3918720.2761 3061661.6233 3980416.1145
3915926.3319 3059478.7394 3984812.1364
3913129.2886 3057293.4341 3989205.0469
3910329.1482 3055105.7091 3993594.8424
3907525.9130 3052915.5661 3997981.5193
3904719.5851 3050723.0068 4002365.0742
3901568.2082 3054752.2680 4002365.0742
3901568.2082 3054752.2680 4002365.0742
3904372.2712 3056947.7232 3997981.5193
3907173.2441 3059140.7588 3993594.8424
3909971.1245 3061331.3732 3989205.0469
3912765.9104 3063519.5648 3984812.1364
3915557.5997 3065705.3318 3980416.1145
3918346.1901 3067888.6726 3976016.9845
3921131.6796 3070069.5855 3971614.7500
3923914.0660 3072248.0688 3967209.4145
3926693.3473 3074424.1209 3962800.9816
3929469.5212 3076597.7400 3958389.4546
3932242.5856 3078768.9247 3953974.8373
3935012.5385 3080937.6731 3949557.1330
3937779.3777 3083103.9836 3945136.3453
3940543.1010 3085267.8546 3940712.4777
3943303.7065 3087429.2843 3936285.5338
3946061.1919 3089588.2713 3931855.5170
3948815.5551 3091744.8137 3927422.4309
3951566.7941 3093898.9100 3922986.2791
3954314.9067 3096050.5585 3918547.0650
3957059.8909 3098199.7575 3914104.7923
3957059.8909 3098199.7575 3914104.7923
3954314.9067 3096050.5585 3918547.0650
3951566.7941 3093898.9100 3922986.2791
3948815.5551 3091744.8137 3927422.4309
3946061.1919 3089588.2713 3931855.5170
3943303.7065 3087429.2843 3936285.5338
3940543.1010 3085267.8546 3940712.4777
3937779.3777 3083103.9836 3945136.3453
3935012.5385 3080937.6731 3949557.1330
3932242.5856 3078768.9247 3953974.8373
3929469.5212 3076597.7400 3958389.4546
3926693.3473 3074424.1209 3962800.9816
3923914.0660 3072248.0688 3967209.4145
3921131.6796 3070069.5855 3971614.7500
3918346.1901 3067888.6726 3976016.9845
3915557.5997 3065705.3318 3980416.1145
3912765.9104 3063519.5648 3984812.1364
3909971.1245 3061331.3732 3989205.0469
3907173.2441 3059140.7588 3993594.8424
3904372.2712 3056947.7232 3997981.5193
3901568.2082 3054752.2680 4002365.0742
3898412.6735 3058778.2739 4002365.0742
3898412.6735 3058778.2739 4002365.0742
3901214.4687 3060976.6225 3997981.5193
3904013.1761 3063172.5485 3993594.8424
3906808.7937 3065366.0500 3989205.0469
3909601.3192 3067557.1255 3984812.1364
3912390.7506 3069745.7732 3980416.1145
3915177.0857 3071931.9915 3976016.9845
3917960.3223 3074115.7788 3971614.7500
3920740.4584 3076297.1332 3967209.4145
3923517.4918 3078476.0532 3962800.9816
3926291.4203 3080652.5371 3958389.4546
3929062.2420 3082826.5833 3953974.8373
3931829.9545 3084998.1900 3949557.1330
3934594.5559 3087167.3556 3945136.3453
3937356.0440 3089334.0784 3940712.4777
3940114.4167 3091498.3568 3936285.5338
3942869.6719 3093660.1892 3931855.5170
3945621.8075 3095819.5738 3927422.4309
3948370.8213 3097976.5091 3922986.2791
3951116.7113 3100130.9933 3918547.0650
3953859.4753 3102283.0249 3914104.7923
3953859.4753 3102283.0249 3914104.7923
3951116.7113 3100130.9933 3918547.0650
3948370.8213 3097976.5091 3922986.2791
3945621.8075 3095819.5738 3927422.4309
3942869.6719 3093660.1892 3931855.5170
3940114.4167 3091498.3568 3936285.5338
3937356.0440 3089334.0784 3940712.4777
3934594.5559 3087167.3556 3945136.3453
3931829.9545 3084998.1900 3949557.1330
3929062.2420 3082826.5833 3953974.8373
3926291.4203 3080652.5371 3958389.4546
3923517.4918 3078476.0532 3962800.9816
3920740.4584 3076297.1332 3967209.4145
3917960.3223 3074115.7788 3971614.7500
3915177.0857 3071931.9915 3976016.9845
3912390.7506 3069745.7732 3980416.1145
3909601.3192 3067557.1255 3984812.1364
3906808.7937 3065366.0500 3989205.0469
3904013.1761 3063172.5485 3993594.8424
3901214.4687 3060976.6225 3997981.5193
3898412.6735 3058778.2739 4002365.0742
3895252.9845 3062801.0201 4002365.0742
3895252.9845 3062801.0201 4002365.0742
3898052.5088 3065002.2599 3997981.5193
3900848.9478 3067201.0738 3993594.8424
3903642.2995 3069397.4602 3989205.0469
3906432.5617 3071591.4172 3984812.1364
3909219.7322 3073782.9434 3980416.1145
3912003.8089 3075972.0369 3976016.9845
3914784.7897 3078158.6961 3971614.7500
3917562.6725 3080342.9193 3967209.4145
3920337.4551 3082524.7050 3962800.9816
3923109.1354 3084704.0513 3958389.4546
3925877.7112 3086880.9566 3953974.8373
3928643.1806 3089055.4193 3949557.1330
3931405.5412 3091227.4377 3945136.3453
3934164.7911 3093397.0101 3940712.4777
3936920.9281 3095564.1348 3936285.5338
3939673.9502 3097728.8103 3931855.5170
3942423.8551 3099891.0349 3927422.4309
3945170.6408 3102050.8068 3922986.2791
3947914.3052 3104208.1245 3918547.0650
3950654.8463 3106362.9863 3914104.7923
3950654.8463 3106362.9863 3914104.7923
3947914.3052 3104208.1245 3918547.0650
3945170.6408 3102050.8068 3922986.2791
3942423.8551 3099891.0349 3927422.4309
3939673.9502 3097728.8103 3931855.5170
3936920.9281 3095564.1348 3936285.5338
3934164.7911 3093397.0101 3940712.4777
3931405.5412 3091227.4377 3945136.3453
3928643.1806 3089055.4193 3949557.1330
3925877.7112 3086880.9566 3953974.8373
3923109.1354 3084704.0513 3958389.4546
3920337.4551 3082524.7050 3962800.9816
3917562.6725 3080342.9193 3967209.4145
3914784.7897 3078158.6961 3971614.7500
3912003.8089 3075972.0369 3976016.9845
3909219.7322 3073782.9434 3980416.1145
3906432.5617 3071591.4172 3984812.1364
3903642.2995 3069397.4602 3989205.0469
3900848.9478 3067201.0738 3993594.8424
3898052.5088 3065002.2599 3997981.5193
3895252.9845 3062801.0201 4002365.0742
3892089.1444 3066820.5025 4002365.0742
3892089.1444 3066820.5025 4002365.0742
3894886.3948 3069024.6311 3997981.5193
3897680.5625 3071226.3306 3993594.8424
3900471.6454 3073425.5994 3989205.0469
3903259.6412 3075622.4357 3984812.1364
3906044.5479 3077816.8379 3980416.1145
3908826.3633 3080008.8042 3976016.9845
3911605.0853 3082198.3331 3971614.7500
3914380.7118 3084385.4229 3967209.4145
3917153.2406 3086570.0717 3962800.9816
3919922.6697 3088752.2781 3958389.4546
3922688.9968 3090932.0403 3953974.8373
3925452.2199 3093109.3567 3949557.1330
3928212.3369 3095284.2255 3945136.3453
3930969.3457 3097456.6452 3940712.4777
3933723.2441 3099626.6140 3936285.5338
3936474.0300 3101794.1303 3931855.5170
3939221.7014 3103959.1925 3927422.4309
3941966.2561 3106121.7988 3922986.2791
3944707.6921 3108281.9477 3918547.0650
3947446.0071 3110439.6374 3914104.7923
3947446.0071 3110439.6374 3914104.7923
3944707.6921 3108281.9477 3918547.0650
3941966.2561 3106121.7988 3922986.2791
3939221.7014 3103959.1925 3927422.4309
3936474.0300 3101794.1303 3931855.5170
3933723.2441 3099626.6140 3936285.5338
3930969.3457 3097456.6452 3940712.4777
3928212.3369 3095284.2255 3945136.3453
3925452.2199 3093109.3567 3949557.1330
3922688.9968 3090932.0403 3953974.8373
3919922.6697 3088752.2781 3958389.4546
3917153.2406 3086570.0717 3962800.9816
3914380.7118 3084385.4229 3967209.4145
3911605.0853 3082198.3331 3971614.7500
3908826.3633 3080008.8042 3976016.9845
3906044.5479 3077816.8379 3980416.1145
3903259.6412 3075622.4357 3984812.1364
3900471.6454 3073425.5994 3989205.0469
3897680.5625 3071226.3306 3993594.8424
3894886.3948 3069024.6311 3997981.5193
3892089.1444 3066820.5025 4002365.0742
3888921.1566 3070836.7166 4002365.0742
3888921.1566 3070836.7166 4002365.0742
3891716.1302 3073043.7316 3997981.5193
3894508.0236 3075248.3144 3993594.8424
3897296.8346 3077450.4633 3989205.0469
3900082.5612 3079650.1765 3984812.1364
3902865.2011 3081847.4524 3980416.1145
3905644.7522 3084042.2893 3976016.9845
3908421.2125 3086234.6856 3971614.7500
3911194.5797 3088424.6394 3967209.4145
3913964.8518 3090612.1493 3962800.9816
3916732.0267 3092797.2134 3958389.4546
3919496.1021 3094979.8302 3953974.8373
3922257.0761 3097159.9979 3949557.1330
3925014.9465 3099337.7148 3945136.3453
3927769.7112 3101512.9794 3940712.4777
3930521.3680 3103685.7900 3936285.5338
3933269.9149 3105856.1448 3931855.5170
3936015.3498 3108024.0423 3927422.4309
3938757.6706 3110189.4807 3922986.2791
3941496.8751 3112352.4584 3918547.0650
3944232.9613 3114512.9738 3914104.7923
3944232.9613 3114512.9738 3914104.7923
3941496.8751 3112352.4584 3918547.0650
3938757.6706 3110189.4807 3922986.2791
3936015.3498 3108024.0423 3927422.4309
3933269.9149 3105856.1448 3931855.5170
3930521.3680 3103685.7900 3936285.5338
3927769.7112 3101512.9794 3940712.4777
3925014.9465 3099337.7148 3945136.3453
3922257.0761 3097159.9979 3949557.1330
3919496.1021 3094979.8302 3953974.8373
3916732.0267 3092797.2134 3958389.4546
3913964.8518 3090612.1493 3962800.9816
3911194.5797 3088424.6394 3967209.4145
3908421.2125 3086234.6856 3971614.7500
3905644.7522 3084042.2893 3976016.9845
3902865.2011 3081847.4524 3980416.1145
3900082.5612 3079650.1765 3984812.1364
3897296.8346 3077450.4633 3989205.0469
3894508.0236 3075248.3144 3993594.8424
3891716.1302 3073043.7316 3997981.5193
3888921.1566 3070836.7166 4002365.0742
3885749.0246 3074849.6582 4002365.0742
3885749.0246 3074849.6582 4002365.0742
3888541.7183 3077059.5573 3997981.5193
3891331.3344 3079267.0211 3993594.8424
3894117.8707 3081472.0477 3989205.0469
3896901.3249 3083674.6355 3984812.1364
3899681.6951 3085874.7828 3980416.1145
3902458.9790 3088072.4879 3976016.9845
3905233.1745 3090267.7491 3971614.7500
3908004.2795 3092460.5648 3967209.4145
3910772.2920 3094650.9332 3962800.9816
3913537.2097 3096838.8528 3958389.4546
3916299.0306 3099024.3218 3953974.8373
3919057.7525 3101207.3385 3949557.1330
3921813.3733 3103387.9013 3945136.3453
3924565.8909 3105566.0085 3940712.4777
3927315.3033 3107741.6585 3936285.5338
3930061.6083 3109914.8495 3931855.5170
3932804.8038 3112085.5799 3927422.4309
3935544.8877 3114253.8481 3922986.2791
3938281.8579 3116419.6524 3918547.0650
3941015.7123 3118582.9911 3914104.7923
3941015.7123 3118582.9911 3914104.7923
3938281.8579 3116419.6524 3918547.0650
3935544.8877 3114253.8481 3922986.2791
3932804.8038 3112085.5799 3927422.4309
3930061.6083 3109914.8495 3931855.5170
3927315.3033 3107741.6585 3936285.5338
3924565.8909 3105566.0085 3940712.4777
3921813.3733 3103387.9013 3945136.3453
3919057.7525 3101207.3385 3949557.1330
3916299.0306 3099024.3218 3953974.8373
3913537.2097 3096838.8528 3958389.4546
3910772.2920 3094650.9332 3962800.9816
3908004.2795 3092460.5648 3967209.4145
3905233.1745 3090267.7491 3971614.7500
3902458.9790 3088072.4879 3976016.9845
3899681.6951 3085874.7828 3980416.1145
3896901.3249 3083674.6355 3984812.1364
3894117.8707 3081472.0477 3989205.0469
3891331.3344 3079267.0211 3993594.8424
3888541.7183 3077059.5573 3997981.5193
3885749.0246 3074849.6582 4002365.0742
3882572.7516 3078859.3230 4002365.0742
3882572.7516 3078859.3230 4002365.0742
3885363.1626 3081072.1039 3997981.5193
3888150.4984 3083282.4462 3993594.8424
3890934.7568 3085490.3483 3989205.0469
3893715.9359 3087695.8083 3984812.1364
3896494.0333 3089898.8246 3980416.1145
3899269.0470 3092099.3955 3976016.9845
3902040.9749 3094297.5194 3971614.7500
3904809.8148 3096493.1946 3967209.4145
3907575.5646 3098686.4193 3962800.9816
3910338.2222 3100877.1920 3958389.4546
3913097.7855 3103065.5109 3953974.8373
3915854.2524 3105251.3743 3949557.1330
3918607.6207 3107434.7806 3945136.3453
3921357.8884 3109615.7281 3940712.4777
3924105.0534 3111794.2151 3936285.5338
3926849.1135 3113970.2400 3931855.5170
3929590.0666 3116143.8011 3927422.4309
3932327.9108 3118314.8968 3922986.2791
3935062.6437 3120483.5254 3918547.0650
3937794.2635 3122649.6851 3914104.7923
3937794.2635 3122649.6851 3914104.7923
3935062.6437 3120483.5254 3918547.0650
3932327.9108 3118314.8968 3922986.2791
3929590.0666 3116143.8011 3927422.4309
3926849.1135 3113970.2400 3931855.5170
3924105.0534 3111794.2151 3936285.5338
3921357.8884 3109615.7281 3940712.4777
3918607.6207 3107434.7806 3945136.3453
3915854.2524 3105251.3743 3949557.1330
3913097.7855 3103065.5109 3953974.8373
3910338.2222 3100877.1920 3958389.4546
3907575.5646 3098686.4193 3962800.9816
3904809.8148 3096493.1946 3967209.4145
3902040.9749 3094297.5194 3971614.7500
3899269.0470 3092099.3955 3976016.9845
3896494.0333 3089898.8246 3980416.1145
3893715.9359 3087695.8083 3984812.1364
3890934.7568 3085490.3483 3989205.0469
3888150.4984 3083282.4462 3993594.8424
3885363.1626 3081072.1039 3997981.5193
3882572.7516 3078859.3230 4002365.0742
3879392.3411 3082865.7068 4002365.0742
3879392.3411 3082865.7068 4002365.0742
3882180.4663 3085081.3671 3997981.5193
3884965.5188 3087294.5857 3993594.8424
3887747.4966 3089505.3607 3989205.0469
3890526.3974 3091713.6906 3984812.1364
3893302.2192 3093919.5736 3980416.1145
3896074.9597 3096123.0081 3976016.9845
3898844.6170 3098323.9923 3971614.7500
3901611.1888 3100522.5246 3967209.4145
3904374.6730 3102718.6033 3962800.9816
3907135.0676 3104912.2267 3958389.4546
3909892.3704 3107103.3931 3953974.8373
3912646.5793 3109292.1009 3949557.1330
3915397.6923 3111478.3484 3945136.3453
3918145.7071 3113662.1338 3940712.4777
3920890.6217 3115843.4556 3936285.5338
3923632.4340 3118022.3121 3931855.5170
3926371.1419 3120198.7016 3927422.4309
3929106.7433 3122372.6224 3922986.2791
3931839.2361 3124544.0729 3918547.0650
3934568.6182 3126713.0514 3914104.7923
3934568.6182 3126713.0514 3914104.7923
3931839.2361 3124544.0729 3918547.0650
3929106.7433 3122372.6224 3922986.2791
3926371.1419 3120198.7016 3927422.4309
3923632.4340 3118022.3121 3931855.5170
3920890.6217 3115843.4556 3936285.5338
3918145.7071 3113662.1338 3940712.4777
3915397.6923 3111478.3484 3945136.3453
3912646.5793 3109292.1009 3949557.1330
3909892.3704 3107103.3931 3953974.8373
3907135.0676 3104912.2267 3958389.4546
3904374.6730 3102718.6033 3962800.9816
3901611.1888 3100522.5246 3967209.4145
3898844.6170 3098323.9923 3971614.7500
3896074.9597 3096123.0081 3976016.9845
3893302.2192 3093919.5736 3980416.1145
3890526.3974 3091713.6906 3984812.1364
3887747.4966 3089505.3607 3989205.0469
3884965.5188 3087294.5857 3993594.8424
3882180.4663 3085081.3671 3997981.5193
3879392.3411 3082865.7068 4002365.0742
3876207.7964 3086868.8053 4002365.0742
3876207.7964 3086868.8053 4002365.0742
3878993.6329 3089087.3427 3997981.5193
3881776.3992 3091303.4351 3993594.8424
3884556.0933 3093517.0808 3989205.0469
3887332.7129 3095728.2782 3984812.1364
3890106.2561 3097937.0255 3980416.1145
3892876.7205 3100143.3212 3976016.9845
3895644.1042 3102347.1634 3971614.7500
3898408.4049 3104548.5505 3967209.4145
3901169.6207 3106747.4807 3962800.9816
3903927.7493 3108943.9526 3958389.4546
3906682.7887 3111137.9642 3953974.8373
3909434.7367 3113329.5140 3949557.1330
3912183.5913 3115518.6004 3945136.3453
3914929.3503 3117705.2215 3940712.4777
3917672.0116 3119889.3757 3936285.5338
3920411.5732 3122071.0614 3931855.5170
3923148.0329 3124250.2770 3927422.4309
3925881.3887 3126427.0206 3922986.2791
3928611.6384 3128601.2907 3918547.0650
3931338.7801 3130773.0856 3914104.7923
3931338.7801 3130773.0856 3914104.7923
3928611.6384 3128601.2907 3918547.0650
3925881.3887 3126427.0206 3922986.2791
3923148.0329 3124250.2770 3927422.4309
3920411.5732 3122071.0614 3931855.5170
3917672.0116 3119889.3757 3936285.5338
3914929.3503 3117705.2215 3940712.4777
3912183.5913 3115518.6004 3945136.3453
3909434.7367 3113329.5140 3949557.1330
3906682.7887 3111137.9642 3953974.8373
3903927.7493 3108943.9526 3958389.4546
3901169.6207 3106747.4807 3962800.9816
3898408.4049 3104548.5505 3967209.4145
3895644.1042 3102347.1634 3971614.7500
3892876.7205 3100143.3212 3976016.9845
3890106.2561 3097937.0255 3980416.1145
3887332.7129 3095728.2782 3984812.1364
3884556.0933 3093517.0808 3989205.0469
3881776.3992 3091303.4351 3993594.8424
3878993.6329 3089087.3427 3997981.5193
3876207.7964 3086868.8053 4002365.0742
3873019.1210 3090868.6142 4002365.0742
3873019.1210 3090868.6142 4002365.0742
3875802.6658 3093090.0263 3997981.5193
3878583.1430 3095308.9902 3993594.8424
3881360.5504 3097525.5042 3989205.0469
3884134.8859 3099739.5668 3984812.1364
3886906.1474 3101951.1761 3980416.1145
3889674.3328 3104160.3305 3976016.9845
3892439.4399 3106367.0284 3971614.7500
3895201.4667 3108571.2679 3967209.4145
3897960.4110 3110773.0475 3962800.9816
3900716.2707 3112972.3653 3958389.4546
3903469.0437 3115169.2199 3953974.8373
3906218.7279 3117363.6094 3949557.1330
3908965.3212 3119555.5322 3945136.3453
3911708.8214 3121744.9867 3940712.4777
3914449.2266 3123931.9710 3936285.5338
3917186.5345 3126116.4837 3931855.5170
3919920.7432 3128298.5229 3927422.4309
3922651.8504 3130478.0871 3922986.2791
3925379.8542 3132655.1745 3918547.0650
3928104.7524 3134829.7835 3914104.7923
3928104.7524 3134829.7835 3914104.7923
3925379.8542 3132655.1745 3918547.0650
3922651.8504 3130478.0871 3922986.2791
3919920.7432 3128298.5229 3927422.4309
3917186.5345 3126116.4837 3931855.5170
3914449.2266 3123931.9710 3936285.5338
3911708.8214 3121744.9867 3940712.4777
3908965.3212 3119555.5322 3945136.3453
3906218.7279 3117363.6094 3949557.1330
3903469.0437 3115169.2199 3953974.8373
3900716.2707 3112972.3653 3958389.4546
3897960.4110 3110773.0475 3962800.9816
3895201.4667 3108571.2679 3967209.4145
3892439.4399 3106367.0284 3971614.7500
3889674.3328 3104160.3305 3976016.9845
3886906.1474 3101951.1761 3980416.1145
3884134.8859 3099739.5668 3984812.1364
3881360.5504 3097525.5042 3989205.0469
3878583.1430 3095308.9902 3993594.8424
3875802.6658 3093090.0263 3997981.5193
3873019.1210 3090868.6142 4002365.0742
3869826.3183 3094865.1293 4002365.0742
3869826.3183 3094865.1293 4002365.0742
3872607.5684 3097089.4136 3997981.5193
3875385.7534 3099311.2467 3993594.8424
3878160.8712 3101530.6267 3989205.0469
3880932.9196 3103747.5521 3984812.1364
3883701.8966 3105962.0210 3980416.1145
3886467.8000 3108174.0319 3976016.9845
3889230.6276 3110383.5830 3971614.7500
3891990.3775 3112590.6726 3967209.4145
3894747.0474 3114795.2991 3962800.9816
3897500.6352 3116997.4607 3958389.4546
3900251.1389 3119197.1558 3953974.8373
3902998.5564 3121394.3827 3949557.1330
3905742.8854 3123589.1397 3945136.3453
3908484.1240 3125781.4251 3940712.4777
3911222.2701 3127971.2373 3936285.5338
3913957.3215 3130158.5745 3931855.5170
3916689.2761 3132343.4351 3927422.4309
3919418.1319 3134525.8175 3922986.2791
3922143.8868 3136705.7199 3918547.0650
3924866.5387 3138883.1407 3914104.7923
3988831.5559 3057186.2122 3914104.7923
3985673.4622 3061302.2997 3914104.7923
3982511.1210 3065415.1249 3914104.7923
3979344.5359 3069524.6834 3914104.7923
3976173.7101 3073630.9708 3914104.7923
3972998.6470 3077733.9827 3914104.7923
3969819.3500 3081833.7148 3914104.7923
3966635.8225 3085930.1627 3914104.7923
3963448.0679 3090023.3220 3914104.7923
3960256.0895 3094113.1884 3914104.7923
3957059.8909 3098199.7575 3914104.7923
3953859.4753 3102283.0249 3914104.7923
3950654.8463 3106362.9863 3914104.7923
3947446.0071 3110439.6374 3914104.7923
3944232.9613 3114512.9738 3914104.7923
3941015.7123 3118582.9911 3914104.7923
3937794.2635 3122649.6851 3914104.7923
3934568.6182 3126713.0514 3914104.7923
3931338.7801 3130773.0856 3914104.7923
3928104.7524 3134829.7835 3914104.7923
3924866.5387 3138883.1407 3914104.7923
3922143.8868 3136705.7199 3918547.0650
3922143.8868 3136705.7199 3918547.0650
3925379.8542 3132655.1745 3918547.0650
3928611.6384 3128601.2907 3918547.0650
3931839.2361 3124544.0729 3918547.0650
3935062.6437 3120483.5254 3918547.0650
3938281.8579 3116419.6524 3918547.0650
3941496.8751 3112352.4584 3918547.0650
3944707.6921 3108281.9477 3918547.0650
3947914.3052 3104208.1245 3918547.0650
3951116.7113 3100130.9933 3918547.0650
3954314.9067 3096050.5585 3918547.0650
3957508.8882 3091966.8242 3918547.0650
3960698.6523 3087879.7949 3918547.0650
3963884.1956 3083789.4750 3918547.0650
3967065.5147 3079695.8688 3918547.0650
3970242.6062 3075598.9807 3918547.0650
3973415.4668 3071498.8150 3918547.0650
3976584.0930 3067395.3761 3918547.0650
3979748.4815 3063288.6684 3918547.0650
3982908.6290 3059178.6962 3918547.0650
3986064.5320 3055065.4640 3918547.0650
3986064.5320 3055065.4640 3918547.0650
3982908.6290 3059178.6962 3918547.0650
3979748.4815 3063288.6684 3918547.0650
3976584.0930 3067395.3761 3918547.0650
3973415.4668 3071498.8150 3918547.0650
3970242.6062 3075598.9807 3918547.0650
3967065.5147 3079695.8688 3918547.0650
3963884.1956 3083789.4750 3918547.0650
3960698.6523 3087879.7949 3918547.0650
3957508.8882 3091966.8242 3918547.0650
3954314.9067 3096050.5585 3918547.0650
3951116.7113 3100130.9933 3918547.0650
3947914.3052 3104208.1245 3918547.0650
3944707.6921 3108281.9477 3918547.0650
3941496.8751 3112352.4584 3918547.0650
3938281.8579 3116419.6524 3918547.0650
3935062.6437 3120483.5254 3918547.0650
3931839.2361 3124544.0729 3918547.0650
3928611.6384 3128601.2907 3918547.0650
3925379.8542 3132655.1745 3918547.0650
3922143.8868 3136705.7199 3918547.0650
3919418.1319 3134525.8175 3922986.2791
3919418.1319 3134525.8175 3922986.2791
3922651.8504 3130478.0871 3922986.2791
3925881.3887 3126427.0206 3922986.2791
3929106.7433 3122372.6224 3922986.2791
3932327.9108 3118314.8968 3922986.2791
3935544.8877 3114253.8481 3922986.2791
3938757.6706 3110189.4807 3922986.2791
3941966.2561 3106121.7988 3922986.2791
3945170.6408 3102050.8068 3922986.2791
3948370.8213 3097976.5091 3922986.2791
3951566.7941 3093898.9100 3922986.2791
3954758.5558 3089818.0138 3922986.2791
3957946.1032 3085733.8249 3922986.2791
3961129.4326 3081646.3476 3922986.2791
3964308.5408 3077555.5863 3922986.2791
3967483.4244 3073461.5453 3922986.2791
3970654.0799 3069364.2291 3922986.2791
3973820.5041 3065263.6420 3922986.2791
3976982.6935 3061159.7883 3922986.2791
3980140.6447 3057052.6724 3922986.2791
3983294.3544 3052942.2987 3922986.2791
3983294.3544 3052942.2987 3922986.2791
3980140.6447 3057052.6724 3922986.2791
3976982.6935 3061159.7883 3922986.2791
3973820.5041 3065263.6420 3922986.2791
3970654.0799 3069364.2291 3922986.2791
3967483.4244 3073461.5453 3922986.2791
3964308.5408 3077555.5863 3922986.2791
3961129.4326 3081646.3476 3922986.2791
3957946.1032 3085733.8249 3922986.2791
3954758.5558 3089818.0138 3922986.2791
3951566.7941 3093898.9100 3922986.2791
3948370.8213 3097976.5091 3922986.2791
3945170.6408 3102050.8068 3922986.2791
3941966.2561 3106121.7988 3922986.2791
3938757.6706 3110189.4807 3922986.2791
3935544.8877 3114253.8481 3922986.2791
3932327.9108 3118314.8968 3922986.2791
3929106.7433 3122372.6224 3922986.2791
3925881.3887 3126427.0206 3922986.2791
3922651.8504 3130478.0871 3922986.2791
3919418.1319 3134525.8175 3922986.2791
3916689.2761 3132343.4351 3927422.4309
3916689.2761 3132343.4351 3927422.4309
3919920.7432 3128298.5229 3927422.4309
3923148.0329 3124250.2770 3927422.4309
3926371.1419 3120198.7016 3927422.4309
3929590.0666 3116143.8011 3927422.4309
3932804.8038 3112085.5799 3927422.4309
3936015.3498 3108024.0423 3927422.4309
3939221.7014 3103959.1925 3927422.4309
3942423.8551 3099891.0349 3927422.4309
3945621.8075 3095819.5738 3927422.4309
3948815.5551 3091744.8137 3927422.4309
3952005.0946 3087666.7588 3927422.4309
3955190.4226 3083585.4134 3927422.4309
3958371.5357 3079500.7820 3927422.4309
3961548.4305 3075412.8689 3927422.4309
3964721.1036 3071321.6784 3927422.4309
3967889.5516 3067227.2149 3927422.4309
3971053.7712 3063129.4827 3927422.4309
3974213.7589 3059028.4863 3927422.4309
3977369.5115 3054924.2299 3927422.4309
3980521.0255 3050816.7181 3927422.4309
3980521.0255 3050816.7181 3927422.4309
3977369.5115 3054924.2299 3927422.4309
3974213.7589 3059028.4863 3927422.4309
3971053.7712 3063129.4827 3927422.4309
3967889.5516 3067227.2149 3927422.4309
3964721.1036 3071321.6784 3927422.4309
3961548.4305 3075412.8689 3927422.4309
3958371.5357 3079500.7820 3927422.4309
3955190.4226 3083585.4134 3927422.4309
3952005.0946 3087666.7588 3927422.4309
3948815.5551 3091744.8137 3927422.4309
3945621.8075 3095819.5738 3927422.4309
3942423.8551 3099891.0349 3927422.4309
3939221.7014 3103959.1925 3927422.4309
3936015.3498 3108024.0423 3927422.4309
3932804.8038 3112085.5799 3927422.4309
3929590.0666 3116143.8011 3927422.4309
3926371.1419 3120198.7016 3927422.4309
3923148.0329 3124250.2770 3927422.4309
3919920.7432 3128298.5229 3927422.4309
3916689.2761 3132343.4351 3927422.4309
3913957.3215 3130158.5745 3931855.5170
3913957.3215 3130158.5745 3931855.5170
3917186.5345 3126116.4837 3931855.5170
3920411.5732 3122071.0614 3931855.5170
3923632.4340 3118022.3121 3931855.5170
3926849.1135 3113970.2400 3931855.5170
3930061.6083 3109914.8495 3931855.5170
3933269.9149 3105856.1448 3931855.5170
3936474.0300 3101794.1303 3931855.5170
3939673.9502 3097728.8103 3931855.5170
3942869.6719 3093660.1892 3931855.5170
3946061.1919 3089588.2713 3931855.5170
3949248.5066 3085513.0609 3931855.5170
3952431.6128 3081434.5623 3931855.5170
3955610.5070 3077352.7800 3931855.5170
3958785.1859 3073267.7183 3931855.5170
3961955.6460 3069179.3814 3931855.5170
3965121.8839 3065087.7739 3931855.5170
3968283.8964 3060992.8999 3931855.5170
3971441.6800 3056894.7640 3931855.5170
3974595.2314 3052793.3705 3931855.5170
3977744.5471 3048688.7237 3931855.5170
3977744.5471 3048688.7237 3931855.5170
3974595.2314 3052793.3705 3931855.5170
3971441.6800 3056894.7640 3931855.5170
3968283.8964 3060992.8999 3931855.5170
3965121.8839 3065087.7739 3931855.5170
3961955.6460 3069179.3814 3931855.5170
3958785.1859 3073267.7183 3931855.5170
3955610.5070 3077352.7800 3931855.5170
3952431.6128 3081434.5623 3931855.5170
3949248.5066 3085513.0609 3931855.5170
3946061.1919 3089588.2713 3931855.5170
3942869.6719 3093660.1892 3931855.5170
3939673.9502 3097728.8103 3931855.5170
3936474.0300 3101794.1303 3931855.5170
3933269.9149 3105856.1448 3931855.5170
3930061.6083 3109914.8495 3931855.5170
3926849.1135 3113970.2400 3931855.5170
3923632.4340 3118022.3121 3931855.5170
3920411.5732 3122071.0614 3931855.5170
3917186.5345 3126116.4837 3931855.5170
3913957.3215 3130158.5745 3931855.5170
3911222.2701 3127971.2373 3936285.5338
3911222.2701 3127971.2373 3936285.5338
3914449.2266 3123931.9710 3936285.5338
3917672.0116 3119889.3757 3936285.5338
3920890.6217 3115843.4556 3936285.5338
3924105.0534 3111794.2151 3936285.5338
3927315.3033 3107741.6585 3936285.5338
3930521.3680 3103685.7900 3936285.5338
3933723.2441 3099626.6140 3936285.5338
3936920.9281 3095564.1348 3936285.5338
3940114.4167 3091498.3568 3936285.5338
3943303.7065 3087429.2843 3936285.5338
3946488.7940 3083356.9217 3936285.5338
3949669.6758 3079281.2732 3936285.5338
3952846.3486 3075202.3432 3936285.5338
3956018.8090 3071120.1360 3936285.5338
3959187.0536 3067034.6561 3936285.5338
3962351.0790 3062945.9077 3936285.5338
3965510.8819 3058853.8953 3936285.5338
3968666.4589 3054758.6231 3936285.5338
3971817.8065 3050660.0956 3936285.5338
3974964.9216 3046558.3171 3936285.5338
3974964.9216 3046558.3171 3936285.5338
3971817.8065 3050660.0956 3936285.5338
3968666.4589 3054758.6231 3936285.5338
3965510.8819 3058853.8953 3936285.5338
3962351.0790 3062945.9077 3936285.5338
3959187.0536 3067034.6561 3936285.5338
3956018.8090 3071120.1360 3936285.5338
3952846.3486 3075202.3432 3936285.5338
3949669.6758 3079281.2732 3936285.5338
3946488.7940 3083356.9217 3936285.5338
3943303.7065 3087429.2843 3936285.5338
3940114.4167 3091498.3568 3936285.5338
3936920.9281 3095564.1348 3936285.5338
3933723.2441 3099626.6140 3936285.5338
3930521.3680 3103685.7900 3936285.5338
3927315.3033 3107741.6585 3936285.5338
3924105.0534 3111794.2151 3936285.5338
3920890.6217 3115843.4556 3936285.5338
3917672.0116 3119889.3757 3936285.5338
3914449.2266 3123931.9710 3936285.5338
3911222.2701 3127971.2373 3936285.5338
3908484.1240 3125781.4251 3940712.4777
3908484.1240 3125781.4251 3940712.4777
3911708.8214 3121744.9867 3940712.4777
3914929.3503 3117705.2215 3940712.4777
3918145.7071 3113662.1338 3940712.4777
3921357.8884 3109615.7281 3940712.4777
3924565.8909 3105566.0085 3940712.4777
3927769.7112 3101512.9794 3940712.4777
3930969.3457 3097456.6452 3940712.4777
3934164.7911 3093397.0101 3940712.4777
3937356.0440 3089334.0784 3940712.4777
3940543.1010 3085267.8546 3940712.4777
3943725.9587 3081198.3429 3940712.4777
3946904.6137 3077125.5476 3940712.4777
3950079.0626 3073049.4732 3940712.4777
3953249.3021 3068970.1239 3940712.4777
3956415.3287 3064887.5041 3940712.4777
3959577.1390 3060801.6181 3940712.4777
3962734.7298 3056712.4704 3940712.4777
3965888.0976 3052620.0652 3940712.4777
3969037.2391 3048524.4070 3940712.4777
3972182.1509 3044425.5000 3940712.4777
3972182.1509 3044425.5000 3940712.4777
3969037.2391 3048524.4070 3940712.4777
3965888.0976 3052620.0652 3940712.4777
3962734.7298 3056712.4704 3940712.4777
3959577.1390 3060801.6181 3940712.4777
3956415.3287 3064887.5041 3940712.4777
3953249.3021 3068970.1239 3940712.4777
3950079.0626 3073049.4732 3940712.4777
3946904.6137 3077125.5476 3940712.4777
3943725.9587 3081198.3429 3940712.4777
3940543.1010 3085267.8546 3940712.4777
3937356.0440 3089334.0784 3940712.4777
3934164.7911 3093397.0101 3940712.4777
3930969.3457 3097456.6452 3940712.4777
3927769.7112 3101512.9794 3940712.4777
3924565.8909 3105566.0085 3940712.4777
3921357.8884 3109615.7281 3940712.4777
3918145.7071 3113662.1338 3940712.4777
3914929.3503 3117705.2215 3940712.4777
3911708.8214 3121744.9867 3940712.4777
3908484.1240 3125781.4251 3940712.4777
3905742.8854 3123589.1397 3945136.3453
3905742.8854 3123589.1397 3945136.3453
3908965.3212 3119555.5322 3945136.3453
3912183.5913 3115518.6004 3945136.3453
3915397.6923 3111478.3484 3945136.3453
3918607.6207 3107434.7806 3945136.3453
3921813.3733 3103387.9013 3945136.3453
3925014.9465 3099337.7148 3945136.3453
3928212.3369 3095284.2255 3945136.3453
3931405.5412 3091227.4377 3945136.3453
3934594.5559 3087167.3556 3945136.3453
3937779.3777 3083103.9836 3945136.3453
3940960.0030 3079037.3261 3945136.3453
3944136.4287 3074967.3873 3945136.3453
3947308.6512 3070894.1716 3945136.3453
3950476.6671 3066817.6834 3945136.3453
3953640.4732 3062737.9270 3945136.3453
3956800.0660 3058654.9067 3945136.3453
3959955.4422 3054568.6269 3945136.3453
3963106.5984 3050479.0920 3945136.3453
3966253.5312 3046386.3063 3945136.3453
3969396.2373 3042290.2741 3945136.3453
3969396.2373 3042290.2741 3945136.3453
3966253.5312 3046386.3063 3945136.3453
3963106.5984 3050479.0920 3945136.3453
3959955.4422 3054568.6269 3945136.3453
3956800.0660 3058654.9067 3945136.3453
3953640.4732 3062737.9270 3945136.3453
3950476.6671 3066817.6834 3945136.3453
3947308.6512 3070894.1716 3945136.3453
3944136.4287 3074967.3873 3945136.3453
3940960.0030 3079037.3261 3945136.3453
3937779.3777 3083103.9836 3945136.3453
3934594.5559 3087167.3556 3945136.3453
3931405.5412 3091227.4377 3945136.3453
3928212.3369 3095284.2255 3945136.3453
3925014.9465 3099337.7148 3945136.3453
3921813.3733 3103387.9013 3945136.3453
3918607.6207 3107434.7806 3945136.3453
3915397.6923 3111478.3484 3945136.3453
3912183.5913 3115518.6004 3945136.3453
3908965.3212 3119555.5322 3945136.3453
3905742.8854 3123589.1397 3945136.3453
3902998.5564 3121394.3827 3949557.1330
3902998.5564 3121394.3827 3949557.1330
3906218.7279 3117363.6094 3949557.1330
3909434.7367 3113329.5140 3949557.1330
3912646.5793 3109292.1009 3949557.1330
3915854.2524 3105251.3743 3949557.1330
3919057.7525 3101207.3385 3949557.1330
3922257.0761 3097159.9979 3949557.1330
3925452.2199 3093109.3567 3949557.1330
3928643.1806 3089055.4193 3949557.1330
3931829.9545 3084998.1900 3949557.1330
3935012.5385 3080937.6731 3949557.1330
3938190.9290 3076873.8729 3949557.1330
3941365.1228 3072806.7939 3949557.1330
3944535.1163 3068736.4402 3949557.1330
3947700.9063 3064662.8163 3949557.1330
3950862.4894 3060585.9265 3949557.1330
3954019.8622 3056505.7751 3949557.1330
3957173.0212 3052422.3665 3949557.1330
3960321.9633 3048335.7050 3949557.1330
3963466.6850 3044245.7950 3949557.1330
3966607.1829 3040152.6409 3949557.1330
3966607.1829 3040152.6409 3949557.1330
3963466.6850 3044245.7950 3949557.1330
3960321.9633 3048335.7050 3949557.1330
3957173.0212 3052422.3665 3949557.1330
3954019.8622 3056505.7751 3949557.1330
3950862.4894 3060585.9265 3949557.1330
3947700.9063 3064662.8163 3949557.1330
3944535.1163 3068736.4402 3949557.1330
3941365.1228 3072806.7939 3949557.1330
3938190.9290 3076873.8729 3949557.1330
3935012.5385 3080937.6731 3949557.1330
3931829.9545 3084998.1900 3949557.1330
3928643.1806 3089055.4193 3949557.1330
3925452.2199 3093109.3567 3949557.1330
3922257.0761 3097159.9979 3949557.1330
3919057.7525 3101207.3385 3949557.1330
3915854.2524 3105251.3743 3949557.1330
3912646.5793 3109292.1009 3949557.1330
3909434.7367 3113329.5140 3949557.1330
3906218.7279 3117363.6094 3949557.1330
3902998.5564 3121394.3827 3949557.1330
3900251.1389 3119197.1558 3953974.8373
3900251.1389 3119197.1558 3953974.8373
3903469.0437 3115169.2199 3953974.8373
3906682.7887 3111137.9642 3953974.8373
3909892.3704 3107103.3931 3953974.8373
3913097.7855 3103065.5109 3953974.8373
3916299.0306 3099024.3218 3953974.8373
3919496.1021 3094979.8302 3953974.8373
3922688.9968 3090932.0403 3953974.8373
3925877.7112 3086880.9566 3953974.8373
3929062.2420 3082826.5833 3953974.8373
3932242.5856 3078768.9247 3953974.8373
3935418.7388 3074707.9851 3953974.8373
3938590.6982 3070643.7690 3953974.8373
3941758.4603 3066576.2805 3953974.8373
3944922.0218 3062505.5242 3953974.8373
3948081.3794 3058431.5042 3953974.8373
3951236.5296 3054354.2249 3953974.8373
3954387.4691 3050273.6907 3953974.8373
3957534.1945 3046189.9059 3953974.8373
3960676.7025 3042102.8749 3953974.8373
3963814.9898 3038012.6021 3953974.8373
3963814.9898 3038012.6021 3953974.8373
3960676.7025 3042102.8749 3953974.8373
3957534.1945 3046189.9059 3953974.8373
3954387.4691 3050273.6907 3953974.8373
3951236.5296 3054354.2249 3953974.8373
3948081.3794 3058431.5042 3953974.8373
3944922.0218 3062505.5242 3953974.8373
3941758.4603 3066576.2805 3953974.8373
3938590.6982 3070643.7690 3953974.8373
3935418.7388 3074707.9851 3953974.8373
3932242.5856 3078768.9247 3953974.8373
3929062.2420 3082826.5833 3953974.8373
3925877.7112 3086880.9566 3953974.8373
3922688.9968 3090932.0403 3953974.8373
3919496.1021 3094979.8302 3953974.8373
3916299.0306 3099024.3218 3953974.8373
3913097.7855 3103065.5109 3953974.8373
3909892.3704 3107103.3931 3953974.8373
3906682.7887 3111137.9642 3953974.8373
3903469.0437 3115169.2199 3953974.8373
3900251.1389 3119197.1558 3953974.8373
3897500.6352 3116997.4607 3958389.4546
3897500.6352 3116997.4607 3958389.4546
3900716.2707 3112972.3653 3958389.4546
3903927.7493 3108943.9526 3958389.4546
3907135.0676 3104912.2267 3958389.4546
3910338.2222 3100877.1920 3958389.4546
3913537.2097 3096838.8528 3958389.4546
3916732.0267 3092797.2134 3958389.4546
3919922.6697 3088752.2781 3958389.4546
3923109.1354 3084704.0513 3958389.4546
3926291.4203 3080652.5371 3958389.4546
3929469.5212 3076597.7400 3958389.4546
3932643.4345 3072539.6643 3958389.4546
3935813.1570 3068478.3143 3958389.4546
3938978.6851 3064413.6943 3958389.4546
3942140.0157 3060345.8087 3958389.4546
3945297.1452 3056274.6617 3958389.4546
3948450.0704 3052200.2578 3958389.4546
3951598.7878 3048122.6013 3958389.4546
3954743.2941 3044041.6964 3958389.4546
3957883.5860 3039957.5477 3958389.4546
3961019.6601 3035870.1593 3958389.4546
3961019.6601 3035870.1593 3958389.4546
3957883.5860 3039957.5477 3958389.4546
3954743.2941 3044041.6964 3958389.4546
3951598.7878 3048122.6013 3958389.4546
3948450.0704 3052200.2578 3958389.4546
3945297.1452 3056274.6617 3958389.4546
3942140.0157 3060345.8087 3958389.4546
3938978.6851 3064413.6943 3958389.4546
3935813.1570 3068478.3143 3958389.4546
3932643.4345 3072539.6643 3958389.4546
3929469.5212 3076597.7400 3958389.4546
3926291.4203 3080652.5371 3958389.4546
3923109.1354 3084704.0513 3958389.4546
3919922.6697 3088752.2781 3958389.4546
3916732.0267 3092797.2134 3958389.4546
3913537.2097 3096838.8528 3958389.4546
3910338.2222 3100877.1920 3958389.4546
3907135.0676 3104912.2267 3958389.4546
3903927.7493 3108943.9526 3958389.4546
3900716.2707 3112972.3653 3958389.4546
3897500.6352 3116997.4607 3958389.4546
3894747.0474 3114795.2991 3962800.9816
3894747.0474 3114795.2991 3962800.9816
3897960.4110 3110773.0475 3962800.9816
3901169.6207 3106747.4807 3962800.9816
3904374.6730 3102718.6033 3962800.9816
3907575.5646 3098686.4193 3962800.9816
3910772.2920 3094650.9332 3962800.9816
3913964.8518 3090612.1493 3962800.9816
3917153.2406 3086570.0717 3962800.9816
3920337.4551 3082524.7050 3962800.9816
3923517.4918 3078476.0532 3962800.9816
3926693.3473 3074424.1209 3962800.9816
3929865.0182 3070368.9122 3962800.9816
3933032.5013 3066310.4315 3962800.9816
3936195.7930 3062248.6832 3962800.9816
3939354.8901 3058183.6715 3962800.9816
3942509.7891 3054115.4008 3962800.9816
3945660.4867 3050043.8755 3962800.9816
3948806.9795 3045969.0998 3962800.9816
3951949.2643 3041891.0781 3962800.9816
3955087.3375 3037809.8148 3962800.9816
3958221.1960 3033725.3142 3962800.9816
3958221.1960 3033725.3142 3962800.9816
3955087.3375 3037809.8148 3962800.9816
3951949.2643 3041891.0781 3962800.9816
3948806.9795 3045969.0998 3962800.9816
3945660.4867 3050043.8755 3962800.9816
3942509.7891 3054115.4008 3962800.9816
3939354.8901 3058183.6715 3962800.9816
3936195.7930 3062248.6832 3962800.9816
3933032.5013 3066310.4315 3962800.9816
3929865.0182 3070368.9122 3962800.9816
3926693.3473 3074424.1209 3962800.9816
3923517.4918 3078476.0532 3962800.9816
3920337.4551 3082524.7050 3962800.9816
3917153.2406 3086570.0717 3962800.9816
3913964.8518 3090612.1493 3962800.9816
3910772.2920 3094650.9332 3962800.9816
3907575.5646 3098686.4193 3962800.9816
3904374.6730 3102718.6033 3962800.9816
3901169.6207 3106747.4807 3962800.9816
3897960.4110 3110773.0475 3962800.9816
3894747.0474 3114795.2991 3962800.9816
3891990.3775 3112590.6726 3967209.4145
3891990.3775 3112590.6726 3967209.4145
3895201.4667 3108571.2679 3967209.4145
3898408.4049 3104548.5505 3967209.4145
3901611.1888 3100522.5246 3967209.4145
3904809.8148 3096493.1946 3967209.4145
3908004.2795 3092460.5648 3967209.4145
3911194.5797 3088424.6394 3967209.4145
3914380.7118 3084385.4229 3967209.4145
3917562.6725 3080342.9193 3967209.4145
3920740.4584 3076297.1332 3967209.4145
3923914.0660 3072248.0688 3967209.4145
3927083.4921 3068195.7303 3967209.4145
3930248.7332 3064140.1222 3967209.4145
3933409.7860 3060081.2488 3967209.4145
3936566.6471 3056019.1143 3967209.4145
3939719.3131 3051953.7231 3967209.4145
3942867.7807 3047885.0795 3967209.4145
3946012.0465 3043813.1879 3967209.4145
3949152.1071 3039738.0526 3967209.4145
3952287.9593 3035659.6780 3967209.4145
3955419.5996 3031578.0684 3967209.4145
3955419.5996 3031578.0684 3967209.4145
3952287.9593 3035659.6780 3967209.4145
3949152.1071 3039738.0526 3967209.4145
3946012.0465 3043813.1879 3967209.4145
3942867.7807 3047885.0795 3967209.4145
3939719.3131 3051953.7231 3967209.4145
3936566.6471 3056019.1143 3967209.4145
3933409.7860 3060081.2488 3967209.4145
3930248.7332 3064140.1222 3967209.4145
3927083.4921 3068195.7303 3967209.4145
3923914.0660 3072248.0688 3967209.4145
3920740.4584 3076297.1332 3967209.4145
3917562.6725 3080342.9193 3967209.4145
3914380.7118 3084385.4229 3967209.4145
3911194.5797 3088424.6394 3967209.4145
3908004.2795 3092460.5648 3967209.4145
3904809.8148 3096493.1946 3967209.4145
3901611.1888 3100522.5246 3967209.4145
3898408.4049 3104548.5505 3967209.4145
3895201.4667 3108571.2679 3967209.4145
3891990.3775 3112590.6726 3967209.4145
3889230.6276 3110383.5830 3971614.7500
3889230.6276 3110383.5830 3971614.7500
3892439.4399 3106367.0284 3971614.7500
3895644.1042 3102347.1634 3971614.7500
3898844.6170 3098323.9923 3971614.7500
3902040.9749 3094297.5194 3971614.7500
3905233.1745 3090267.7491 3971614.7500
3908421.2125 3086234.6856 3971614.7500
3911605.0853 3082198.3331 3971614.7500
3914784.7897 3078158.6961 3971614.7500
3917960.3223 3074115.7788 3971614.7500
3921131.6796 3070069.5855 3971614.7500
3924298.8583 3066020.1205 3971614.7500
3927461.8550 3061967.3881 3971614.7500
3930620.6663 3057911.3927 3971614.7500
3933775.2889 3053852.1386 3971614.7500
3936925.7194 3049789.6302 3971614.7500
3940071.9544 3045723.8716 3971614.7500
3943213.9907 3041654.8673 3971614.7500
3946351.8248 3037582.6217 3971614.7500
3949485.4534 3033507.1390 3971614.7500
3952614.8731 3029428.4235 3971614.7500
3952614.8731 3029428.4235 3971614.7500
3949485.4534 3033507.1390 3971614.7500
3946351.8248 3037582.6217 3971614.7500
3943213.9907 3041654.8673 3971614.7500
3940071.9544 3045723.8716 3971614.7500
3936925.7194 3049789.6302 3971614.7500
3933775.2889 3053852.1386 3971614.7500
3930620.6663 3057911.3927 3971614.7500
3927461.8550 3061967.3881 3971614.7500
3924298.8583 3066020.1205 3971614.7500
3921131.6796 3070069.5855 3971614.7500
3917960.3223 3074115.7788 3971614.7500
3914784.7897 3078158.6961 3971614.7500
3911605.0853 3082198.3331 3971614.7500
3908421.2125 3086234.6856 3971614.7500
3905233.1745 3090267.7491 3971614.7500
3902040.9749 3094297.5194 3971614.7500
3898844.6170 3098323.9923 3971614.7500
3895644.1042 3102347.1634 3971614.7500
3892439.4399 3106367.0284 3971614.7500
3889230.6276 3110383.5830 3971614.7500
3886467.8000 3108174.0319 3976016.9845
3886467.8000 3108174.0319 3976016.9845
3889674.3328 3104160.3305 3976016.9845
3892876.7205 3100143.3212 3976016.9845
3896074.9597 3096123.0081 3976016.9845
3899269.0470 3092099.3955 3976016.9845
3902458.9790 3088072.4879 3976016.9845
3905644.7522 3084042.2893 3976016.9845
3908826.3633 3080008.8042 3976016.9845
3912003.8089 3075972.0369 3976016.9845
3915177.0857 3071931.9915 3976016.9845
3918346.1901 3067888.6726 3976016.9845
3921511.1189 3063842.0842 3976016.9845
3924671.8687 3059792.2309 3976016.9845
3927828.4360 3055739.1168 3976016.9845
3930980.8177 3051682.7463 3976016.9845
3934129.0101 3047623.1237 3976016.9845
3937273.0102 3043560.2534 3976016.9845
3940412.8144 3039494.1397 3976016.9845
3943548.4194 3035424.7868 3976016.9845
3946679.8219 3031352.1993 3976016.9845
3949807.0186 3027276.3813 3976016.9845
3949807.0186 3027276.3813 3976016.9845
3946679.8219 3031352.1993 3976016.9845
3943548.4194 3035424.7868 3976016.9845
3940412.8144 3039494.1397 3976016.9845
3937273.0102 3043560.2534 3976016.9845
3934129.0101 3047623.1237 3976016.9845
3930980.8177 3051682.7463 3976016.9845
3927828.4360 3055739.1168 3976016.9845
3924671.8687 3059792.2309 3976016.9845
3921511.1189 3063842.0842 3976016.9845
3918346.1901 3067888.6726 3976016.9845
3915177.0857 3071931.9915 3976016.9845
3912003.8089 3075972.0369 3976016.9845
3908826.3633 3080008.8042 3976016.9845
3905644.7522 3084042.2893 3976016.9845
3902458.9790 3088072.4879 3976016.9845
3899269.0470 3092099.3955 3976016.9845
3896074.9597 3096123.0081 3976016.9845
3892876.7205 3100143.3212 3976016.9845
3889674.3328 3104160.3305 3976016.9845
3886467.8000 3108174.0319 3976016.9845
3883701.8966 3105962.0210 3980416.1145
3883701.8966 3105962.0210 3980416.1145
3886906.1474 3101951.1761 3980416.1145
3890106.2561 3097937.0255 3980416.1145
3893302.2192 3093919.5736 3980416.1145
3896494.0333 3089898.8246 3980416.1145
3899681.6951 3085874.7828 3980416.1145
3902865.2011 3081847.4524 3980416.1145
3906044.5479 3077816.8379 3980416.1145
3909219.7322 3073782.9434 3980416.1145
3912390.7506 3069745.7732 3980416.1145
3915557.5997 3065705.3318 3980416.1145
3918720.2761 3061661.6233 3980416.1145
3921878.7764 3057614.6521 3980416.1145
3925033.0973 3053564.4225 3980416.1145
3928183.2355 3049510.9389 3980416.1145
3931329.1875 3045454.2054 3980416.1145
3934470.9500 3041394.2266 3980416.1145
3937608.5197 3037331.0066 3980416.1145
3940741.8932 3033264.5498 3980416.1145
3943871.0671 3029194.8606 3980416.1145
3946996.0383 3025121.9433 3980416.1145
3946996.0383 3025121.9433 3980416.1145
3943871.0671 3029194.8606 3980416.1145
3940741.8932 3033264.5498 3980416.1145
3937608.5197 3037331.0066 3980416.1145
3934470.9500 3041394.2266 3980416.1145
3931329.1875 3045454.2054 3980416.1145
3928183.2355 3049510.9389 3980416.1145
3925033.0973 3053564.4225 3980416.1145
3921878.7764 3057614.6521 3980416.1145
3918720.2761 3061661.6233 3980416.1145
3915557.5997 3065705.3318 3980416.1145
3912390.7506 3069745.7732 3980416.1145
3909219.7322 3073782.9434 3980416.1145
3906044.5479 3077816.8379 3980416.1145
3902865.2011 3081847.4524 3980416.1145
3899681.6951 3085874.7828 3980416.1145
3896494.0333 3089898.8246 3980416.1145
3893302.2192 3093919.5736 3980416.1145
3890106.2561 3097937.0255 3980416.1145
3886906.1474 3101951.1761 3980416.1145
3883701.8966 3105962.0210 3980416.1145
3880932.9196 3103747.5521 3984812.1364
3880932.9196 3103747.5521 3984812.1364
3884134.8859 3099739.5668 3984812.1364
3887332.7129 3095728.2782 3984812.1364
3890526.3974 3091713.6906 3984812.1364
3893715.9359 3087695.8083 3984812.1364
3896901.3249 3083674.6355 3984812.1364
3900082.5612 3079650.1765 3984812.1364
3903259.6412 3075622.4357 3984812.1364
3906432.5617 3071591.4172 3984812.1364
3909601.3192 3067557.1255 3984812.1364
3912765.9104 3063519.5648 3984812.1364
3915926.3319 3059478.7394 3984812.1364
3919082.5803 3055434.6536 3984812.1364
3922234.6523 3051387.3117 3984812.1364
3925382.5445 3047336.7180 3984812.1364
3928526.2535 3043282.8770 3984812.1364
3931665.7760 3039225.7927 3984812.1364
3934801.1087 3035165.4697 3984812.1364
3937932.2482 3031101.9122 3984812.1364
3941059.1911 3027035.1246 3984812.1364
3944181.9342 3022965.1111 3984812.1364
3944181.9342 3022965.1111 3984812.1364
3941059.1911 3027035.1246 3984812.1364
3937932.2482 3031101.9122 3984812.1364
3934801.1087 3035165.4697 3984812.1364
3931665.7760 3039225.7927 3984812.1364
3928526.2535 3043282.8770 3984812.1364
3925382.5445 3047336.7180 3984812.1364
3922234.6523 3051387.3117 3984812.1364
3919082.5803 3055434.6536 3984812.1364
3915926.3319 3059478.7394 3984812.1364
3912765.9104 3063519.5648 3984812.1364
3909601.3192 3067557.1255 3984812.1364
3906432.5617 3071591.4172 3984812.1364
3903259.6412 3075622.4357 3984812.1364
3900082.5612 3079650.1765 3984812.1364
3896901.3249 3083674.6355 3984812.1364
3893715.9359 3087695.8083 3984812.1364
3890526.3974 3091713.6906 3984812.1364
3887332.7129 3095728.2782 3984812.1364
3884134.8859 3099739.5668 3984812.1364
3880932.9196 3103747.5521 3984812.1364
3878160.8712 3101530.6267 3989205.0469
3878160.8712 3101530.6267 3989205.0469
3881360.5504 3097525.5042 3989205.0469
3884556.0933 3093517.0808 3989205.0469
3887747.4966 3089505.3607 3989205.0469
3890934.7568 3085490.3483 3989205.0469
3894117.8707 3081472.0477 3989205.0469
3897296.8346 3077450.4633 3989205.0469
3900471.6454 3073425.5994 3989205.0469
3903642.2995 3069397.4602 3989205.0469
3906808.7937 3065366.0500 3989205.0469
3909971.1245 3061331.3732 3989205.0469
3913129.2886 3057293.4341 3989205.0469
3916283.2826 3053252.2369 3989205.0469
3919433.1031 3049207.7859 3989205.0469
3922578.7468 3045160.0855 3989205.0469
3925720.2104 3041109.1399 3989205.0469
3928857.4904 3037054.9536 3989205.0469
3931990.5836 3032997.5308 3989205.0469
3935119.4866 3028936.8758 3989205.0469
3938244.1961 3024872.9929 3989205.0469
3941364.7087 3020805.8866 3989205.0469
3941364.7087 3020805.8866 3989205.0469
3938244.1961 3024872.9929 3989205.0469
3935119.4866 3028936.8758 3989205.0469
3931990.5836 3032997.5308 3989205.0469
3928857.4904 3037054.9536 3989205.0469
3925720.2104 3041109.1399 3989205.0469
3922578.7468 3045160.0855 3989205.0469
3919433.1031 3049207.7859 3989205.0469
3916283.2826 3053252.2369 3989205.0469
3913129.2886 3057293.4341 3989205.0469
3909971.1245 3061331.3732 3989205.0469
3906808.7937 3065366.0500 3989205.0469
3903642.2995 3069397.4602 3989205.0469
3900471.6454 3073425.5994 3989205.0469
3897296.8346 3077450.4633 3989205.0469
3894117.8707 3081472.0477 3989205.0469
3890934.7568 3085490.3483 3989205.0469
3887747.4966 3089505.3607 3989205.0469
3884556.0933 3093517.0808 3989205.0469
3881360.5504 3097525.5042 3989205.0469
3878160.8712 3101530.6267 3989205.0469
3875385.7534 3099311.2467 3993594.8424
3875385.7534 3099311.2467 3993594.8424
3878583.1430 3095308.9902 3993594.8424
3881776.3992 3091303.4351 3993594.8424
3884965.5188 3087294.5857 3993594.8424
3888150.4984 3083282.4462 3993594.8424
3891331.3344 3079267.0211 3993594.8424
3894508.0236 3075248.3144 3993594.8424
3897680.5625 3071226.3306 3993594.8424
3900848.9478 3067201.0738 3993594.8424
3904013.1761 3063172.5485 3993594.8424
3907173.2441 3059140.7588 3993594.8424
3910329.1482 3055105.7091 3993594.8424
3913480.8853 3051067.4037 3993594.8424
3916628.4519 3047025.8468 3993594.8424
3919771.8447 3042981.0428 3993594.8424
3922911.0603 3038932.9960 3993594.8424
3926046.0954 3034881.7108 3993594.8424
3929176.9466 3030827.1913 3993594.8424
3932303.6106 3026769.4420 3993594.8424
3935426.0841 3022708.4672 3993594.8424
3938544.3638 3018644.2712 3993594.8424
3938544.3638 3018644.2712 3993594.8424
3935426.0841 3022708.4672 3993594.8424
3932303.6106 3026769.4420 3993594.8424
3929176.9466 3030827.1913 3993594.8424
3926046.0954 3034881.7108 3993594.8424
3922911.0603 3038932.9960 3993594.8424
3919771.8447 3042981.0428 3993594.8424
3916628.4519 3047025.8468 3993594.8424
3913480.8853 3051067.4037 3993594.8424
3910329.1482 3055105.7091 3993594.8424
3907173.2441 3059140.7588 3993594.8424
3904013.1761 3063172.5485 3993594.8424
3900848.9478 3067201.0738 3993594.8424
3897680.5625 3071226.3306 3993594.8424
3894508.0236 3075248.3144 3993594.8424
3891331.3344 3079267.0211 3993594.8424
3888150.4984 3083282.4462 3993594.8424
3884965.5188 3087294.5857 3993594.8424
3881776.3992 3091303.4351 3993594.8424
3878583.1430 3095308.9902 3993594.8424
3875385.7534 3099311.2467 3993594.8424
3872607.5684 3097089.4136 3997981.5193
3872607.5684 3097089.4136 3997981.5193
3875802.6658 3093090.0263 3997981.5193
3878993.6329 3089087.3427 3997981.5193
3882180.4663 3085081.3671 3997981.5193
3885363.1626 3081072.1039 3997981.5193
3888541.7183 3077059.5573 3997981.5193
3891716.1302 3073043.7316 3997981.5193
3894886.3948 3069024.6311 3997981.5193
3898052.5088 3065002.2599 3997981.5193
3901214.4687 3060976.6225 3997981.5193
3904372.2712 3056947.7232 3997981.5193
3907525.9130 3052915.5661 3997981.5193
3910675.3907 3048880.1557 3997981.5193
3913820.7008 3044841.4961 3997981.5193
3916961.8402 3040799.5918 3997981.5193
3920098.8053 3036754.4470 3997981.5193
3923231.5930 3032706.0660 3997981.5193
3926360.1998 3028654.4531 3997981.5193
3929484.6223 3024599.6127 3997981.5193
3932604.8574 3020541.5492 3997981.5193
3935720.9016 3016480.2667 3997981.5193
3935720.9016 3016480.2667 3997981.5193
3932604.8574 3020541.5492 3997981.5193
3929484.6223 3024599.6127 3997981.5193
3926360.1998 3028654.4531 3997981.5193
3923231.5930 3032706.0660 3997981.5193
3920098.8053 3036754.4470 3997981.5193
3916961.8402 3040799.5918 3997981.5193
3913820.7008 3044841.4961 3997981.5193
3910675.3907 3048880.1557 3997981.5193
3907525.9130 3052915.5661 3997981.5193
3904372.2712 3056947.7232 3997981.5193
3901214.4687 3060976.6225 3997981.5193
3898052.5088 3065002.2599 3997981.5193
3894886.3948 3069024.6311 3997981.5193
3891716.1302 3073043.7316 3997981.5193
3888541.7183 3077059.5573 3997981.5193
3885363.1626 3081072.1039 3997981.5193
3882180.4663 3085081.3671 3997981.5193
3878993.6329 3089087.3427 3997981.5193
3875802.6658 3093090.0263 3997981.5193
3872607.5684 3097089.4136 3997981.5193
3869826.3183 3094865.1293 4002365.0742
3869826.3183 3094865.1293 4002365.0742
3873019.1210 3090868.6142 4002365.0742
3876207.7964 3086868.8053 4002365.0742
3879392.3411 3082865.7068 4002365.0742
3882572.7516 3078859.3230 4002365.0742
3885749.0246 3074849.6582 4002365.0742
3888921.1566 3070836.7166 4002365.0742
3892089.1444 3066820.5025 4002365.0742
3895252.9845 3062801.0201 4002365.0742
3898412.6735 3058778.2739 4002365.0742
3901568.2082 3054752.2680 4002365.0742
3904719.5851 3050723.0068 4002365.0742
3907866.8008 3046690.4945 4002365.0742
3911009.8521 3042654.7355 4002365.0742
3914148.7355 3038615.7340 4002365.0742
3917283.4477 3034573.4943 4002365.0742
3920413.9854 3030528.0208 4002365.0742
3923540.3453 3026479.3178 4002365.0742
3926662.5240 3022427.3895 4002365.0742
3929780.5181 3018372.2404 4002365.0742
3932894.3244 3014313.8747 4002365.0742
