4089966.7186 3134699.8952 4014014.1200
4086933.1304 3132374.8424 4018375.4019
4083963.6979 3130098.9609 4022799.6521
4081054.1103 3127868.9466 4027282.9480
4078200.0679 3125681.5043 4031821.3475
4075397.2827 3123533.3474 4036410.8900
4072641.4780 3121421.1980 4041047.5957
4069928.3886 3119341.7871 4045727.4660
4067253.7605 3117291.8545 4050446.4834
4064613.3517 3115268.1487 4055200.6115
4062002.9313 3113267.4272 4059985.7952
4059418.2803 3111286.4562 4064797.9606
4056855.1912 3109322.0111 4069633.0150
4054309.4682 3107370.8760 4074486.8470
4051776.9269 3105429.8439 4079355.3266
4049253.3951 3103495.7169 4084234.3051
4046734.7120 3101565.3062 4089119.6151
4044216.7287 3099635.4317 4094007.0707
4041695.3080 3097702.9228 4098892.4674
4039166.3246 3095764.6176 4103771.5824
4036625.6653 3093817.3635 4108640.1741
4033434.1358 3097986.1529 4108644.6902
4033434.1358 3097986.1529 4108644.6902
4035942.2024 3099912.5400 4103744.7911
4038440.0202 3101831.0552 4098835.9309
4040931.7056 3103744.8604 4093922.3495
4043421.3872 3105657.1264 4089008.2681
4045913.2052 3107571.0334 4084097.8897
4048411.3117 3109489.7704 4079195.3984
4050919.8704 3111416.5355 4074304.9599
4053443.0570 3113354.5359 4069430.7211
4055985.0586 3115306.9877 4064576.8105
4058550.0742 3117277.1160 4059747.3375
4061142.3143 3119268.1549 4054946.3931
4063766.0012 3121283.3472 4050178.0493
4066425.3684 3123325.9448 4045446.3594
4069124.6613 3125399.2083 4040755.3579
4071868.1366 3127506.4074 4036109.0603
4074660.0625 3129650.8202 4031511.4634
4077504.7188 3131835.7340 4026966.5447
4080406.3965 3134064.4445 4022478.2633
4083369.3980 3136340.2565 4018050.5587
4086398.0371 3138666.4831 4013687.3518
4086398.0371 3138666.4831 4013687.3518
4083369.3980 3136340.2565 4018050.5587
4080406.3965 3134064.4445 4022478.2633
4077504.7188 3131835.7340 4026966.5447
4074660.0625 3129650.8202 4031511.4634
4071868.1366 3127506.4074 4036109.0603
4069124.6613 3125399.2083 4040755.3579
4066425.3684 3123325.9448 4045446.3594
4063766.0012 3121283.3472 4050178.0493
4061142.3143 3119268.1549 4054946.3931
4058550.0742 3117277.1160 4059747.3375
4055985.0586 3115306.9877 4064576.8105
4053443.0570 3113354.5359 4069430.7211
4050919.8704 3111416.5355 4074304.9599
4048411.3117 3109489.7704 4079195.3984
4045913.2052 3107571.0334 4084097.8897
4043421.3872 3105657.1264 4089008.2681
4040931.7056 3103744.8604 4093922.3495
4038440.0202 3101831.0552 4098835.9309
4035942.2024 3099912.5400 4103744.7911
4033434.1358 3097986.1529 4108644.6902
4030152.9445 3102085.9493 4108561.6177
4030152.9445 3102085.9493 4108561.6177
4032630.4524 3103992.9347 4103632.6067
4035099.1434 3105893.1334 4098696.1961
4037563.1370 3107789.7166 4093756.6241
4040026.5650 3109685.8642 4088818.1106
4042493.5705 3111584.7657 4083884.8566
4044968.3089 3113489.6193 4078961.0448
4047454.9471 3115403.6323 4074050.8391
4049957.6635 3117330.0211 4069158.3846
4052480.6487 3119272.0112 4064287.8080
4055028.1045 3121232.8367 4059443.2171
4057604.2446 3123215.7411 4054628.7008
4060213.2941 3125223.9765 4049848.3295
4062859.4897 3127260.8040 4045106.1544
4065547.0797 3129329.4935 4040406.2082
4068280.3238 3131433.3239 4035752.5045
4071063.4933 3133575.5827 4031149.0379
4073900.8707 3135759.5665 4026599.7843
4076796.7500 3137988.5803 4022108.7003
4079755.4367 3140265.9381 4017679.7237
4082781.2473 3142594.9625 4013316.7731
4082781.2473 3142594.9625 4013316.7731
4079755.4367 3140265.9381 4017679.7237
4076796.7500 3137988.5803 4022108.7003
4073900.8707 3135759.5665 4026599.7843
4071063.4933 3133575.5827 4031149.0379
4068280.3238 3131433.3239 4035752.5045
4065547.0797 3129329.4935 4040406.2082
4062859.4897 3127260.8040 4045106.1544
4060213.2941 3125223.9765 4049848.3295
4057604.2446 3123215.7411 4054628.7008
4055028.1045 3121232.8367 4059443.2171
4052480.6487 3119272.0112 4064287.8080
4049957.6635 3117330.0211 4069158.3846
4047454.9471 3115403.6323 4074050.8391
4044968.3089 3113489.6193 4078961.0448
4042493.5705 3111584.7657 4083884.8566
4040026.5650 3109685.8642 4088818.1106
4037563.1370 3107789.7166 4093756.6241
4035099.1434 3105893.1334 4098696.1961
4032630.4524 3103992.9347 4103632.6067
4030152.9445 3102085.9493 4108561.6177
4026790.8865 3106123.1089 4108399.7765
4026790.8865 3106123.1089 4108399.7765
4029239.8871 3108012.1807 4103443.8553
4031681.5072 3109895.5595 4098482.0953
4034119.8696 3111776.4255 4093518.7334
4036559.1090 3113657.9679 4088557.9875
4039003.3720 3115543.3853 4083604.0572
4041456.8167 3117435.8852 4078661.1234
4043923.6133 3119338.6843 4073733.3482
4046407.9433 3121255.0080 4068824.8751
4048914.0002 3123188.0910 4063939.8289
4051445.9890 3125141.1770 4059082.3156
4054008.1262 3127117.5185 4054256.4223
4056604.6402 3129120.3769 4049466.2174
4059239.7705 3131153.0226 4044715.7504
4061917.7685 3133218.7349 4040009.0518
4064642.8968 3135320.8018 4035350.1335
4067419.4296 3137462.5204 4030742.9880
4070251.6524 3139647.1962 4026191.5891
4073143.8622 3141878.1438 4021699.8914
4076100.3672 3144158.6865 4017271.8307
4079125.4870 3146492.1562 4012911.3235
4079125.4870 3146492.1562 4012911.3235
4076100.3672 3144158.6865 4017271.8307
4073143.8622 3141878.1438 4021699.8914
4070251.6524 3139647.1962 4026191.5891
4067419.4296 3137462.5204 4030742.9880
4064642.8968 3135320.8018 4035350.1335
4061917.7685 3133218.7349 4040009.0518
4059239.7705 3131153.0226 4044715.7504
4056604.6402 3129120.3769 4049466.2174
4054008.1262 3127117.5185 4054256.4223
4051445.9890 3125141.1770 4059082.3156
4048914.0002 3123188.0910 4063939.8289
4046407.9433 3121255.0080 4068824.8751
4043923.6133 3119338.6843 4073733.3482
4041456.8167 3117435.8852 4078661.1234
4039003.3720 3115543.3853 4083604.0572
4036559.1090 3113657.9679 4088557.9875
4034119.8696 3111776.4255 4093518.7334
4031681.5072 3109895.5595 4098482.0953
4029239.8871 3108012.1807 4103443.8553
4026790.8865 3106123.1089 4108399.7765
4023356.7219 3110104.0167 4108167.9777
4023356.7219 3110104.0167 4108167.9777
4025779.2834 3111976.6865 4103187.3543
4028195.9056 3113844.7651 4098202.4524
4030610.7144 3115711.4418 4093217.5072
4033027.8476 3117579.9154 4088236.7351
4035451.4548 3119453.3934 4083264.3339
4037885.6973 3121335.0927 4078304.4827
4040334.7483 3123228.2391 4073361.3420
4042802.7925 3125136.0675 4068439.0535
4045294.0264 3127061.8218 4063541.7400
4047812.6578 3129008.7547 4058673.5059
4050362.9066 3130980.1283 4053838.4363
4052949.0038 3132979.2131 4049040.5978
4055575.1923 3135009.2889 4044284.0379
4058245.7261 3137073.6442 4039572.7853
4060964.8709 3139175.5765 4034910.8496
4063736.9038 3141318.3919 4030302.2216
4066566.1134 3143505.4056 4025750.8729
4069456.7994 3145739.9412 4021260.7562
4072413.2730 3148025.3315 4016835.8050
4075439.8566 3150364.9177 4012479.9337
4075439.8566 3150364.9177 4012479.9337
4072413.2730 3148025.3315 4016835.8050
4069456.7994 3145739.9412 4021260.7562
4066566.1134 3143505.4056 4025750.8729
4063736.9038 3141318.3919 4030302.2216
4060964.8709 3139175.5765 4034910.8496
4058245.7261 3137073.6442 4039572.7853
4055575.1923 3135009.2889 4044284.0379
4052949.0038 3132979.2131 4049040.5978
4050362.9066 3130980.1283 4053838.4363
4047812.6578 3129008.7547 4058673.5059
4045294.0264 3127061.8218 4063541.7400
4042802.7925 3125136.0675 4068439.0535
4040334.7483 3123228.2391 4073361.3420
4037885.6973 3121335.0927 4078304.4827
4035451.4548 3119453.3934 4083264.3339
4033027.8476 3117579.9154 4088236.7351
4030610.7144 3115711.4418 4093217.5072
4028195.9056 3113844.7651 4098202.4524
4025779.2834 3111976.6865 4103187.3543
4023356.7219 3110104.0167 4108167.9777
4019859.1751 3114035.0874 4107875.0237
4019859.1751 3114035.0874 4107875.0237
4022257.3829 3115892.8897 4102871.9125
4024651.0971 3117747.2109 4097866.0825
4027044.4469 3119601.2497 4092861.7671
4029441.5730 3121458.2140 4087863.1811
4031846.6282 3123321.3206 4082874.5205
4034263.7770 3125193.7957 4077899.9627
4036697.1955 3127078.8743 4072943.6665
4039151.0714 3128979.8005 4068009.7717
4041629.6043 3130899.8276 4063102.3995
4044137.0052 3132842.2176 4058225.6521
4046677.4967 3134810.2417 4053383.6130
4049255.3130 3136807.1799 4048580.3468
4051874.6997 3138836.3212 4043819.8990
4054539.9141 3140900.9635 4039106.2963
4057255.2248 3143004.4134 4034443.5465
4060024.9117 3145149.9866 4029835.6382
4062853.2662 3147341.0075 4025286.5410
4065744.5911 3149580.8091 4020800.2054
4068703.2004 3151872.7335 4016380.5629
4071733.4194 3154220.1312 4012031.5259
4071733.4194 3154220.1312 4012031.5259
4068703.2004 3151872.7335 4016380.5629
4065744.5911 3149580.8091 4020800.2054
4062853.2662 3147341.0075 4025286.5410
4060024.9117 3145149.9866 4029835.6382
4057255.2248 3143004.4134 4034443.5465
4054539.9141 3140900.9635 4039106.2963
4051874.6997 3138836.3212 4043819.8990
4049255.3130 3136807.1799 4048580.3468
4046677.4967 3134810.2417 4053383.6130
4044137.0052 3132842.2176 4058225.6521
4041629.6043 3130899.8276 4063102.3995
4039151.0714 3128979.8005 4068009.7717
4036697.1955 3127078.8743 4072943.6665
4034263.7770 3125193.7957 4077899.9627
4031846.6282 3123321.3206 4082874.5205
4029441.5730 3121458.2140 4087863.1811
4027044.4469 3119601.2497 4092861.7671
4024651.0971 3117747.2109 4097866.0825
4022257.3829 3115892.8897 4102871.9125
4019859.1751 3114035.0874 4107875.0237
4016306.9353 3117922.7645 4107529.7081
4016306.9353 3117922.7645 4107529.7081
4018682.8915 3119767.2570 4102506.3299
4021055.8046 3121609.3871 4097481.7918
4023429.8067 3123452.3626 4092460.3255
4025809.0418 3125299.4005 4087446.1441
4028197.6658 3127153.7272 4082443.4419
4030599.8460 3129018.5778 4077456.3946
4033019.7618 3130897.1968 4072489.1591
4035461.6039 3132792.8375 4067545.8734
4037929.5748 3134708.7625 4062630.6569
4040427.8886 3136648.2431 4057747.6099
4042960.7709 3138614.5598 4052900.8140
4045532.4589 3140611.0019 4048094.3318
4048147.2011 3142640.8678 4043332.2070
4050809.2578 3144707.4646 4038618.4642
4053522.9003 3146814.1083 4033957.1092
4056292.4117 3148964.1240 4029352.1285
4059122.0863 3151160.8452 4024807.4898
4062016.2296 3153407.6145 4020327.1413
4064979.1585 3155707.7833 4015915.0125
4068015.2013 3158064.7114 4011575.0135
4068015.2013 3158064.7114 4011575.0135
4064979.1585 3155707.7833 4015915.0125
4062016.2296 3153407.6145 4020327.1413
4059122.0863 3151160.8452 4024807.4898
4056292.4117 3148964.1240 4029352.1285
4053522.9003 3146814.1083 4033957.1092
4050809.2578 3144707.4646 4038618.4642
4048147.2011 3142640.8678 4043332.2070
4045532.4589 3140611.0019 4048094.3318
4042960.7709 3138614.5598 4052900.8140
4040427.8886 3136648.2431 4057747.6099
4037929.5748 3134708.7625 4062630.6569
4035461.6039 3132792.8375 4067545.8734
4033019.7618 3130897.1968 4072489.1591
4030599.8460 3129018.5778 4077456.3946
4028197.6658 3127153.7272 4082443.4419
4025809.0418 3125299.4005 4087446.1441
4023429.8067 3123452.3626 4092460.3255
4021055.8046 3121609.3871 4097481.7918
4018682.8915 3119767.2570 4102506.3299
4016306.9353 3117922.7645 4107529.7081
4012708.6562 3121773.5206 4107140.8158
4012708.6562 3121773.5206 4107140.8158
4015064.4798 3123606.2845 4102099.3978
4017418.7152 3125437.8129 4097058.3780
4019775.4979 3127271.3230 4092021.9865
4022138.9749 3129110.0410 4086994.4345
4024513.3049 3130957.2025 4081979.9148
4026902.6587 3132816.0519 4076982.6011
4029311.2184 3134689.8430 4072006.6485
4031743.1778 3136581.8385 4067056.1934
4034202.7425 3138495.3101 4062135.3531
4036694.1295 3140433.5385 4057248.2261
4039221.5675 3142399.8135 4052398.8921
4041789.2964 3144397.4338 4047591.4117
4044401.5680 3146429.7070 4042829.8267
4047062.6452 3148499.9496 4038118.1596
4049776.8025 3150611.4870 4033460.4141
4052548.3257 3152767.6535 4028860.5749
4055381.5121 3154971.7921 4024322.6073
4058280.6700 3157227.2547 4019850.4576
4061250.1193 3159537.4020 4015448.0530
4064294.1909 3161905.6034 4011119.3014
4064294.1909 3161905.6034 4011119.3014
4061250.1193 3159537.4020 4015448.0530
4058280.6700 3157227.2547 4019850.4576
4055381.5121 3154971.7921 4024322.6073
4052548.3257 3152767.6535 4028860.5749
4049776.8025 3150611.4870 4033460.4141
4047062.6452 3148499.9496 4038118.1596
4044401.5680 3146429.7070 4042829.8267
4041789.2964 3144397.4338 4047591.4117
4039221.5675 3142399.8135 4052398.8921
4036694.1295 3140433.5385 4057248.2261
4034202.7425 3138495.3101 4062135.3531
4031743.1778 3136581.8385 4067056.1934
4029311.2184 3134689.8430 4072006.6485
4026902.6587 3132816.0519 4076982.6011
4024513.3049 3130957.2025 4081979.9148
4022138.9749 3129110.0410 4086994.4345
4019775.4979 3127271.3230 4092021.9865
4017418.7152 3125437.8129 4097058.3780
4015064.4798 3123606.2845 4102099.3978
4012708.6562 3121773.5206 4107140.8158
4009072.9560 3125593.8571 4106717.1233
4009072.9560 3125593.8571 4106717.1233
4011410.7825 3127416.4970 4101659.8990
4013748.4806 3129239.0367 4096604.6302
4016090.1887 3131064.7028 4091555.5453
4018440.0570 3132896.7307 4086516.8539
4020802.2473 3134738.3654 4081492.7467
4023180.9332 3136592.8605 4076487.3960
4025580.3001 3138463.4790 4071504.9548
4028004.5447 3140353.4930 4066549.5578
4030457.8756 3142266.1836 4061625.3203
4032944.5127 3144204.8407 4056736.3390
4035468.6878 3146172.7635 4051886.6916
4038034.6437 3148173.2599 4047080.4367
4040646.6351 3150209.6469 4042321.6141
4043308.9279 3152285.2505 4037614.2444
4046025.7994 3154403.4052 4032962.3291
4048801.5384 3156567.4549 4028369.8508
4051640.4450 3158780.7518 4023840.7728
4054546.8304 3161046.6572 4019379.0393
4057525.0172 3163368.5413 4014988.5752
4060579.3394 3165749.7828 4010673.2862
4060579.3394 3165749.7828 4010673.2862
4057525.0172 3163368.5413 4014988.5752
4054546.8304 3161046.6572 4019379.0393
4051640.4450 3158780.7518 4023840.7728
4048801.5384 3156567.4549 4028369.8508
4046025.7994 3154403.4052 4032962.3291
4043308.9279 3152285.2505 4037614.2444
4040646.6351 3150209.6469 4042321.6141
4038034.6437 3148173.2599 4047080.4367
4035468.6878 3146172.7635 4051886.6916
4032944.5127 3144204.8407 4056736.3390
4030457.8756 3142266.1836 4061625.3203
4028004.5447 3140353.4930 4066549.5578
4025580.3001 3138463.4790 4071504.9548
4023180.9332 3136592.8605 4076487.3960
4020802.2473 3134738.3654 4081492.7467
4018440.0570 3132896.7307 4086516.8539
4016090.1887 3131064.7028 4091555.5453
4013748.4806 3129239.0367 4096604.6302
4011410.7825 3127416.4970 4101659.8990
4009072.9560 3125593.8571 4106717.1233
4005408.4175 3129390.3044 4106267.3982
4005408.4175 3129390.3044 4106267.3982
4007730.3991 3131204.4482 4101196.6075
4010053.7167 3133019.6357 4096129.3288
4012382.5117 3134839.1027 4091069.7887
4014720.9373 3136666.0941 4086022.1951
4017073.1585 3138503.8637 4080990.7370
4019443.3519 3140355.6750 4075979.5847
4021835.7057 3142224.7999 4070992.8896
4024254.4199 3144114.5200 4066034.7843
4026703.7059 3146028.1256 4061109.3823
4029187.7867 3147968.9161 4056220.7783
4031710.8969 3149940.1998 4051373.0482
4034277.2823 3151945.2941 4046570.2484
4036891.2006 3153987.5254 4041816.4169
4039556.9205 3156070.2289 4037115.5721
4042278.7223 3158196.7487 4032471.7135
4045060.8976 3160370.4377 4027888.8215
4047907.7492 3162594.6578 4023370.8573
4050823.5915 3164872.7797 4018921.7630
4053812.7498 3167208.1827 4014545.4613
4056879.5608 3169604.2551 4010245.8557
4056879.5608 3169604.2551 4010245.8557
4053812.7498 3167208.1827 4014545.4613
4050823.5915 3164872.7797 4018921.7630
4047907.7492 3162594.6578 4023370.8573
4045060.8976 3160370.4377 4027888.8215
4042278.7223 3158196.7487 4032471.7135
4039556.9205 3156070.2289 4037115.5721
4036891.2006 3153987.5254 4041816.4169
4034277.2823 3151945.2941 4046570.2484
4031710.8969 3149940.1998 4051373.0482
4029187.7867 3147968.9161 4056220.7783
4026703.7059 3146028.1256 4061109.3823
4024254.4199 3144114.5200 4066034.7843
4021835.7057 3142224.7999 4070992.8896
4019443.3519 3140355.6750 4075979.5847
4017073.1585 3138503.8637 4080990.7370
4014720.9373 3136666.0941 4086022.1951
4012382.5117 3134839.1027 4091069.7887
4010053.7167 3133019.6357 4096129.3288
4007730.3991 3131204.4482 4101196.6075
4005408.4175 3129390.3044 4106267.3982
4001723.5878 3133169.4215 4105800.3996
4001723.5878 3133169.4215 4105800.3996
4004031.8932 3134976.7208 4100718.2888
4006343.0036 3136786.2161 4095641.2456
4008661.0634 3138601.1526 4090573.4948
4010990.2289 3140424.7843 4085519.2426
4013334.6681 3142260.3747 4080482.6763
4015698.5607 3144111.1961 4075467.9642
4018086.0978 3145980.5303 4070479.2558
4020501.4825 3147871.6677 4065520.6819
4022948.9290 3149787.9082 4060596.3542
4025432.6635 3151732.5604 4055710.3653
4027956.9232 3153708.9422 4050866.7891
4030525.9572 3155720.3802 4046069.6801
4033144.0259 3157770.2100 4041323.0741
4035815.4009 3159861.7764 4036630.9876
4038544.3654 3161998.4328 4031997.4180
4041335.2138 3164183.5415 4027426.3435
4044192.2520 3166420.4738 4022921.7231
4047119.7970 3168712.6097 4018487.4968
4050122.1770 3171063.3380 4014127.5851
4053203.7314 3173476.0564 4009845.8892
4053203.7314 3173476.0564 4009845.8892
4050122.1770 3171063.3380 4014127.5851
4047119.7970 3168712.6097 4018487.4968
4044192.2520 3166420.4738 4022921.7231
4041335.2138 3164183.5415 4027426.3435
4038544.3654 3161998.4328 4031997.4180
4035815.4009 3159861.7764 4036630.9876
4033144.0259 3157770.2100 4041323.0741
4030525.9572 3155720.3802 4046069.6801
4027956.9232 3153708.9422 4050866.7891
4025432.6635 3151732.5604 4055710.3653
4022948.9290 3149787.9082 4060596.3542
4020501.4825 3147871.6677 4065520.6819
4018086.0978 3145980.5303 4070479.2558
4015698.5607 3144111.1961 4075467.9642
4013334.6681 3142260.3747 4080482.6763
4010990.2289 3140424.7843 4085519.2426
4008661.0634 3138601.1526 4090573.4948
4006343.0036 3136786.2161 4095641.2456
4004031.8932 3134976.7208 4100718.2888
4001723.5878 3133169.4215 4105800.3996
3998026.9786 3136937.7962 4105324.8781
3998026.9786 3136937.7962 4105324.8781
4000323.7929 3138739.9260 4100233.6998
4002624.8857 3140545.4128 4095149.1438
4004934.4046 3142357.5109 4090075.4332
4007256.5090 3144179.4838 4085016.7724
4009595.3698 3146014.6042 4079977.3466
4011955.1696 3147866.1538 4074961.3226
4014340.1028 3149737.4236 4069972.8479
4016754.3751 3151631.7135 4065016.0513
4019202.2040 3153552.3326 4060095.0427
4021687.8184 3155502.5990 4055213.9126
4024215.4586 3157485.8398 4050376.7330
4026789.3766 3159505.3910 4045587.5563
4029413.8354 3161564.5978 4040850.4164
4032093.1099 3163666.8141 4036169.3274
4034831.4859 3165815.4027 4031548.2849
4037633.2609 3168013.7355 4026991.2648
4040502.7434 3170265.1930 4022502.2241
4043444.2532 3172573.1648 4018085.1003
4046462.1214 3174941.0490 4013743.8119
4049560.6903 3177372.2527 4009482.2578
4049560.6903 3177372.2527 4009482.2578
4046462.1214 3174941.0490 4013743.8119
4043444.2532 3172573.1648 4018085.1003
4040502.7434 3170265.1930 4022502.2241
4037633.2609 3168013.7355 4026991.2648
4034831.4859 3165815.4027 4031548.2849
4032093.1099 3163666.8141 4036169.3274
4029413.8354 3161564.5978 4040850.4164
4026789.3766 3159505.3910 4045587.5563
4024215.4586 3157485.8398 4050376.7330
4021687.8184 3155502.5990 4055213.9126
4019202.2040 3153552.3326 4060095.0427
4016754.3751 3151631.7135 4065016.0513
4014340.1028 3149737.4236 4069972.8479
4011955.1696 3147866.1538 4074961.3226
4009595.3698 3146014.6042 4079977.3466
4007256.5090 3144179.4838 4085016.7724
4004934.4046 3142357.5109 4090075.4332
4002624.8857 3140545.4128 4095149.1438
4000323.7929 3138739.9260 4100233.6998
3998026.9786 3136937.7962 4105324.8781
3994327.0660 3140702.0446 4104849.5758
3994327.0660 3140702.0446 4104849.5758
3996614.5905 3142500.7037 4099751.5890
3998907.8717 3144303.8893 4094661.7783
4001211.0604 3146114.8650 4089584.3650
4003528.3188 3147936.9037 4084523.5516
4005863.8210 3149773.2872 4079483.5216
4008221.7525 3151627.3068 4074468.4397
4010606.3107 3153502.2626 4069482.4518
4013021.7043 3155401.4640 4064529.6846
4015472.1536 3157328.2294 4059614.2459
4017961.8906 3159285.8863 4054740.2245
4020495.1584 3161277.7711 4049911.6901
4023076.2118 3163307.2293 4045132.6933
4025709.3171 3165377.6153 4040407.2657
4028398.7516 3167492.2926 4035739.4196
4031148.8043 3169654.6333 4031133.1481
4033963.7753 3171868.0187 4026592.4253
4036847.9760 3174135.8388 4022121.2057
4039805.7291 3176461.4924 4017723.4247
4042841.3684 3178848.3872 4013402.9986
4045959.2390 3181299.9397 4009163.8239
4045959.2390 3181299.9397 4009163.8239
4042841.3684 3178848.3872 4013402.9986
4039805.7291 3176461.4924 4017723.4247
4036847.9760 3174135.8388 4022121.2057
4033963.7753 3171868.0187 4026592.4253
4031148.8043 3169654.6333 4031133.1481
4028398.7516 3167492.2926 4035739.4196
4025709.3171 3165377.6153 4040407.2657
4023076.2118 3163307.2293 4045132.6933
4020495.1584 3161277.7711 4049911.6901
4017961.8906 3159285.8863 4054740.2245
4015472.1536 3157328.2294 4059614.2459
4013021.7043 3155401.4640 4064529.6846
4010606.3107 3153502.2626 4069482.4518
4008221.7525 3151627.3068 4074468.4397
4005863.8210 3149773.2872 4079483.5216
4003528.3188 3147936.9037 4084523.5516
4001211.0604 3146114.8650 4089584.3650
3998907.8717 3144303.8893 4094661.7783
3996614.5905 3142500.7037 4099751.5890
3994327.0660 3140702.0446 4104849.5758
3990632.2903 3144468.8114 4104383.2260
3990632.2903 3144468.8114 4104383.2260
3992912.7426 3146265.7224 4099280.6963
3995200.4345 3148068.3380 4094187.8954
3997499.5198 3149879.9310 4089109.0428
3999814.1637 3151703.7838 4084048.3392
4002148.5432 3153543.1875 4079009.9663
4004506.8471 3155401.4426 4073998.0870
4006893.2754 3157281.8587 4069016.8450
4009312.0400 3159187.7546 4064070.3652
4011767.3640 3161122.4580 4059162.7535
4014263.4823 3163089.3058 4054298.0966
4016804.6410 3165091.6437 4049480.4621
4019395.0978 3167132.8267 4044713.8988
4022039.1218 3169216.2185 4040002.4359
4024740.9932 3171345.1920 4035350.0837
4027505.0037 3173523.1288 4030760.8331
4030335.4565 3175753.4196 4026238.6561
4033236.6656 3178039.4637 4021787.5049
4036212.9565 3180384.6695 4017411.3128
4039268.6659 3182792.4541 4013113.9937
4042408.1416 3185266.2434 4008899.4419
4042408.1416 3185266.2434 4008899.4419
4039268.6659 3182792.4541 4013113.9937
4036212.9565 3180384.6695 4017411.3128
4033236.6656 3178039.4637 4021787.5049
4030335.4565 3175753.4196 4026238.6561
4027505.0037 3173523.1288 4030760.8331
4024740.9932 3171345.1920 4035350.0837
4022039.1218 3169216.2185 4040002.4359
4019395.0978 3167132.8267 4044713.8988
4016804.6410 3165091.6437 4049480.4621
4014263.4823 3163089.3058 4054298.0966
4011767.3640 3161122.4580 4059162.7535
4009312.0400 3159187.7546 4064070.3652
4006893.2754 3157281.8587 4069016.8450
4004506.8471 3155401.4426 4073998.0870
4002148.5432 3153543.1875 4079009.9663
3999814.1637 3151703.7838 4084048.3392
3997499.5198 3149879.9310 4089109.0428
3995200.4345 3148068.3380 4094187.8954
3992912.7426 3146265.7224 4099280.6963
3990632.2903 3144468.8114 4104383.2260
3986951.0564 3148244.7697 4103934.5539
3986951.0564 3148244.7697 4103934.5539
3989226.6701 3150041.6789 4098829.7530
3991511.0110 3151845.4794 4093736.2327
3993808.2358 3153659.4535 4088658.2107
3996122.5128 3155486.8926 4083599.8856
3998458.0219 3157331.0974 4078565.4375
4000818.9547 3159195.3778 4073559.0272
4003209.5145 3161083.0526 4068584.7965
4005633.9158 3162997.4500 4063646.8685
4008096.3849 3164941.9071 4058749.3468
4010601.1594 3166919.7702 4053896.3163
4013152.4884 3168934.3945 4049091.8426
4015754.6325 3170989.1442 4044339.9721
4018411.8635 3173087.3926 4039644.7321
4021128.4647 3175232.5218 4035010.1308
4023908.7304 3177427.9230 4030440.1569
4026756.9667 3179676.9963 4025938.7801
4029677.4904 3181983.1504 4021509.9505
4032674.6298 3184349.8031 4017157.5990
4035752.7244 3186780.3810 4012885.6373
4038916.1246 3189278.3194 4008697.9573
4038916.1246 3189278.3194 4008697.9573
4035752.7244 3186780.3810 4012885.6373
4032674.6298 3184349.8031 4017157.5990
4029677.4904 3181983.1504 4021509.9505
4026756.9667 3179676.9963 4025938.7801
4023908.7304 3177427.9230 4030440.1569
4021128.4647 3175232.5218 4035010.1308
4018411.8635 3173087.3926 4039644.7321
4015754.6325 3170989.1442 4044339.9721
4013152.4884 3168934.3945 4049091.8426
4010601.1594 3166919.7702 4053896.3163
4008096.3849 3164941.9071 4058749.3468
4005633.9158 3162997.4500 4063646.8685
4003209.5145 3161083.0526 4068584.7965
4000818.9547 3159195.3778 4073559.0272
3998458.0219 3157331.0974 4078565.4375
3996122.5128 3155486.8926 4083599.8856
3993808.2358 3153659.4535 4088658.2107
3991511.0110 3151845.4794 4093736.2327
3989226.6701 3150041.6789 4098829.7530
3986951.0564 3148244.7697 4103934.5539
3983291.7334 3152036.6208 4103512.2760
3983291.7334 3152036.6208 4103512.2760
3985564.7583 3153835.2985 4098407.4823
3987848.0025 3155642.0628 4093315.5197
3990145.6257 3157460.2054 4088240.6043
3992461.7992 3159293.0272 4083186.9328
3994800.7060 3161143.8381 4078158.6834
3997166.5406 3163015.9574 4073160.0148
3999563.5090 3164912.7133 4068195.0671
4001995.8289 3166837.4434 4063267.9611
4004467.7294 3168793.4942 4058382.7987
4006983.4511 3170784.2213 4053543.6626
4009547.2458 3172812.9893 4048754.6163
4012163.3771 3174883.1720 4044019.7042
4014836.1195 3176998.1519 4039342.9514
4017569.7592 3179161.3207 4034728.3639
4020368.5936 3181376.0790 4030179.9282
4023236.9311 3183645.8361 4025701.6119
4026179.0916 3185974.0105 4021297.3627
4029199.4061 3188364.0293 4016971.1094
4032302.2168 3190819.3284 4012726.7612
4035491.8770 3193343.3529 4008568.2078
4035491.8770 3193343.3529 4008568.2078
4032302.2168 3190819.3284 4012726.7612
4029199.4061 3188364.0293 4016971.1094
4026179.0916 3185974.0105 4021297.3627
4023236.9311 3183645.8361 4025701.6119
4020368.5936 3181376.0790 4030179.9282
4017569.7592 3179161.3207 4034728.3639
4014836.1195 3176998.1519 4039342.9514
4012163.3771 3174883.1720 4044019.7042
4009547.2458 3172812.9893 4048754.6163
4006983.4511 3170784.2213 4053543.6626
4004467.7294 3168793.4942 4058382.7987
4001995.8289 3166837.4434 4063267.9611
3999563.5090 3164912.7133 4068195.0671
3997166.5406 3163015.9574 4073160.0148
3994800.7060 3161143.8381 4078158.6834
3992461.7992 3159293.0272 4083186.9328
3990145.6257 3157460.2054 4088240.6043
3987848.0025 3155642.0628 4093315.5197
3985564.7583 3153835.2985 4098407.4823
3983291.7334 3152036.6208 4103512.2760
3979662.6546 3155851.0943 4103125.1006
3979662.6546 3155851.0943 4103125.1006
3981935.3563 3157653.3345 4098022.5986
3984219.7741 3159464.8656 4092934.4774
3986520.0707 3161288.9883 4087864.9510
3988840.4202 3163129.0131 4082818.2144
3991185.0087 3164988.2592 4077798.4437
3993558.0336 3166870.0551 4072809.7958
3995963.7040 3168777.7388 4067856.4088
3998406.2402 3170714.6569 4062942.4015
4000889.8744 3172684.1654 4058071.8737
4003418.8499 3174689.6295 4053248.9060
4005997.4217 3176734.4230 4048477.5599
4008629.8559 3178821.9292 4043761.8777
4011320.4300 3180955.5400 4039105.8822
4014073.4331 3183138.6566 4034513.5773
4016893.1651 3185374.6890 4029988.9474
4019783.9375 3187667.0559 4025535.9576
4022750.0729 3190019.1854 4021158.5536
4025795.9050 3192434.5138 4016860.6617
4028925.7787 3194916.4869 4012646.1889
4032144.0501 3197468.5588 4008519.0225
4032144.0501 3197468.5588 4008519.0225
4028925.7787 3194916.4869 4012646.1889
4025795.9050 3192434.5138 4016860.6617
4022750.0729 3190019.1854 4021158.5536
4019783.9375 3187667.0559 4025535.9576
4016893.1651 3185374.6890 4029988.9474
4014073.4331 3183138.6566 4034513.5773
4011320.4300 3180955.5400 4039105.8822
4008629.8559 3178821.9292 4043761.8777
4005997.4217 3176734.4230 4048477.5599
4003418.8499 3174689.6295 4053248.9060
4000889.8744 3172684.1654 4058071.8737
3998406.2402 3170714.6569 4062942.4015
3995963.7040 3168777.7388 4067856.4088
3993558.0336 3166870.0551 4072809.7958
3991185.0087 3164988.2592 4077798.4437
3988840.4202 3163129.0131 4082818.2144
3986520.0707 3161288.9883 4087864.9510
3984219.7741 3159464.8656 4092934.4774
3981935.3563 3157653.3345 4098022.5986
3979662.6546 3155851.0943 4103125.1006
3976072.1178 3159694.9476 4102781.7273
3976072.1178 3159694.9476 4102781.7273
3978346.7778 3161502.5687 4097683.8081
3980634.6553 3163320.6934 4092601.8182
3982939.9158 3165152.6320 4087539.9697
3985266.7367 3167001.7042 4082502.4556
3987619.3068 3168871.2386 4077493.4500
3990001.8265 3170764.5733 4072517.1081
3992418.5077 3172685.0554 4067577.5657
3994873.5738 3174636.0412 4062678.9398
3997371.2598 3176620.8959 4057825.3280
3999915.8118 3178642.9941 4053020.8089
4002511.4877 3180705.7193 4048269.4418
4005162.5564 3182812.4639 4043575.2669
4007873.2983 3184966.6294 4038942.3049
4010648.0052 3187171.6265 4034374.5574
4013490.9799 3189430.8745 4029876.0066
4016406.5367 3191747.8017 4025450.6153
4019399.0007 3194125.8455 4021102.3269
4022472.7087 3196568.4520 4016835.0655
4025632.0081 3199079.0761 4012652.7357
4028881.2578 3201661.1816 4008559.2224
4028881.2578 3201661.1816 4008559.2224
4025632.0081 3199079.0761 4012652.7357
4022472.7087 3196568.4520 4016835.0655
4019399.0007 3194125.8455 4021102.3269
4016406.5367 3191747.8017 4025450.6153
4013490.9799 3189430.8745 4029876.0066
4010648.0052 3187171.6265 4034374.5574
4007873.2983 3184966.6294 4038942.3049
4005162.5564 3182812.4639 4043575.2669
4002511.4877 3180705.7193 4048269.4418
3999915.8118 3178642.9941 4053020.8089
3997371.2598 3176620.8959 4057825.3280
3994873.5738 3174636.0412 4062678.9398
3992418.5077 3172685.0554 4067577.5657
3990001.8265 3170764.5733 4072517.1081
3987619.3068 3168871.2386 4077493.4500
3985266.7367 3167001.7042 4082502.4556
3982939.9158 3165152.6320 4087539.9697
3980634.6553 3163320.6934 4092601.8182
3978346.7778 3161502.5687 4097683.8081
3976072.1178 3159694.9476 4102781.7273
3972528.3848 3163574.9664 4102490.8476
3972528.3848 3163574.9664 4102490.8476
3974807.3003 3165389.8106 4097399.8088
3977100.9393 3167216.3800 4092326.2465
3979413.4703 3169057.9944 4087274.3709
3981749.0736 3170917.9826 4082248.3732
3984111.9409 3172799.6829 4077252.4255
3986506.2755 3174706.4426 4072290.6809
3988936.2923 3176641.6183 4067367.2734
3991406.2176 3178608.5756 4062486.3176
3993920.2891 3180610.6893 4057651.9094
3996482.7559 3182651.3433 4052868.1251
3999097.8787 3184733.9306 4048139.0219
4001769.9292 3186861.8530 4043468.6378
4004503.1907 3189038.5216 4038860.9914
4007301.9577 3191267.3563 4034320.0819
4010170.5358 3193551.7860 4029849.8894
4013113.2420 3195895.2485 4025454.3745
4016134.4043 3198301.1907 4021137.4781
4019238.3620 3200773.0680 4016903.1221
4022429.4654 3203314.3450 4012755.2085
4025712.0761 3205928.4949 4008697.6201
4025712.0761 3205928.4949 4008697.6201
4022429.4654 3203314.3450 4012755.2085
4019238.3620 3200773.0680 4016903.1221
4016134.4043 3198301.1907 4021137.4781
4013113.2420 3195895.2485 4025454.3745
4010170.5358 3193551.7860 4029849.8894
4007301.9577 3191267.3563 4034320.0819
4004503.1907 3189038.5216 4038860.9914
4001769.9292 3186861.8530 4043468.6378
3999097.8787 3184733.9306 4048139.0219
3996482.7559 3182651.3433 4052868.1251
3993920.2891 3180610.6893 4057651.9094
3991406.2176 3178608.5756 4062486.3176
3988936.2923 3176641.6183 4067367.2734
3986506.2755 3174706.4426 4072290.6809
3984111.9409 3172799.6829 4077252.4255
3981749.0736 3170917.9826 4082248.3732
3979413.4703 3169057.9944 4087274.3709
3977100.9393 3167216.3800 4092326.2465
3974807.3003 3165389.8106 4097399.8088
3972528.3848 3163574.9664 4102490.8476
3969039.6818 3167497.9642 4102261.1446
3969039.6818 3167497.9642 4102261.1446
3971325.1657 3169321.8980 4097179.2900
3973626.8836 3171158.7874 4092116.4580
3975949.0072 3173011.9615 4087076.8569
3978295.7195 3174884.7587 4082064.6758
3980671.2152 3176780.5266 4077084.0849
3983079.7006 3178702.6219 4072139.2354
3985525.3934 3180654.4106 4067234.2590
3988012.5227 3182639.2678 4062373.2685
3990545.3291 3184660.5777 4057560.3576
3993128.0647 3186721.7337 4052799.6003
3995764.9928 3188826.1380 4048095.0520
3998460.3881 3190977.2022 4043450.7482
4001218.5365 3193178.3466 4038870.7054
4004043.7354 3195433.0008 4034358.9206
4006940.2932 3197744.6029 4029919.3717
4009912.5295 3200116.6005 4025556.0167
4012964.7752 3202552.4497 4021272.7945
4016101.3722 3205055.6155 4017073.6244
4019326.6736 3207629.5721 4012962.4062
4022645.0435 3210277.8021 4008943.0202
4022645.0435 3210277.8021 4008943.0202
4019326.6736 3207629.5721 4012962.4062
4016101.3722 3205055.6155 4017073.6244
4012964.7752 3202552.4497 4021272.7945
4009912.5295 3200116.6005 4025556.0167
4006940.2932 3197744.6029 4029919.3717
4004043.7354 3195433.0008 4034358.9206
4001218.5365 3193178.3466 4038870.7054
3998460.3881 3190977.2022 4043450.7482
3995764.9928 3188826.1380 4048095.0520
3993128.0647 3186721.7337 4052799.6003
3990545.3291 3184660.5777 4057560.3576
3988012.5227 3182639.2678 4062373.2685
3985525.3934 3180654.4106 4067234.2590
3983079.7006 3178702.6219 4072139.2354
3980671.2152 3176780.5266 4077084.0849
3978295.7195 3174884.7587 4082064.6758
3975949.0072 3173011.9615 4087076.8569
3973626.8836 3171158.7874 4092116.4580
3971325.1657 3169321.8980 4097179.2900
3969039.6818 3167497.9642 4102261.1446
3965614.1991 3171470.7824 4102101.2929
3965614.1991 3171470.7824 4102101.2929
3967908.5797 3173305.6964 4097030.9330
3970220.7096 3175154.8053 4091981.1404
3972554.7633 3177021.4476 4086956.1216
3974914.9269 3178908.9710 4081960.0637
3977305.3979 3180820.7326 4076997.1349
3979730.3854 3182760.0985 4072071.4843
3982194.1100 3184730.4441 4067187.2417
3984700.8038 3186735.1540 4062348.5177
3987254.7101 3188777.6218 4057559.4038
3989860.0839 3190861.2504 4052823.9721
3992521.1913 3192989.4514 4048146.2755
3995242.3097 3195165.6459 4043530.3475
3998027.7280 3197393.2636 4038980.2025
4000881.7461 3199675.7436 4034499.8350
4003808.6753 3202016.5337 4030093.2206
4006812.8380 3204419.0907 4025764.3151
4009898.5677 3206886.8804 4021517.0551
4013070.2091 3209423.3772 4017355.3574
4016332.1178 3212032.0648 4013283.1194
4019688.6608 3214716.4353 4009304.2190
4089966.7186 3134699.8952 4014014.1200
4086398.0371 3138666.4831 4013687.3518
4082781.2473 3142594.9625 4013316.7731
4079125.4870 3146492.1562 4012911.3235
4075439.8566 3150364.9177 4012479.9337
4071733.4194 3154220.1312 4012031.5259
4068015.2013 3158064.7114 4011575.0135
4064294.1909 3161905.6034 4011119.3014
4060579.3394 3165749.7828 4010673.2862
4056879.5608 3169604.2551 4010245.8557
4053203.7314 3173476.0564 4009845.8892
4049560.6903 3177372.2527 4009482.2578
4045959.2390 3181299.9397 4009163.8239
4042408.1416 3185266.2434 4008899.4419
4038916.1246 3189278.3194 4008697.9573
4035491.8770 3193343.3529 4008568.2078
4032144.0501 3197468.5588 4008519.0225
4028881.2578 3201661.1816 4008559.2224
4025712.0761 3205928.4949 4008697.6201
4022645.0435 3210277.8021 4008943.0202
4019688.6608 3214716.4353 4009304.2190
4016332.1178 3212032.0648 4013283.1194
4016332.1178 3212032.0648 4013283.1194
4019326.6736 3207629.5721 4012962.4062
4022429.4654 3203314.3450 4012755.2085
4025632.0081 3199079.0761 4012652.7357
4028925.7787 3194916.4869 4012646.1889
4032302.2168 3190819.3284 4012726.7612
4035752.7244 3186780.3810 4012885.6373
4039268.6659 3182792.4541 4013113.9937
4042841.3684 3178848.3872 4013402.9986
4046462.1214 3174941.0490 4013743.8119
4050122.1770 3171063.3380 4014127.5851
4053812.7498 3167208.1827 4014545.4613
4057525.0172 3163368.5413 4014988.5752
4061250.1193 3159537.4020 4015448.0530
4064979.1585 3155707.7833 4015915.0125
4068703.2004 3151872.7335 4016380.5629
4072413.2730 3148025.3315 4016835.8050
4076100.3672 3144158.6865 4017271.8307
4079755.4367 3140265.9381 4017679.7237
4083369.3980 3136340.2565 4018050.5587
4086933.1304 3132374.8424 4018375.4019
4086933.1304 3132374.8424 4018375.4019
4083369.3980 3136340.2565 4018050.5587
4079755.4367 3140265.9381 4017679.7237
4076100.3672 3144158.6865 4017271.8307
4072413.2730 3148025.3315 4016835.8050
4068703.2004 3151872.7335 4016380.5629
4064979.1585 3155707.7833 4015915.0125
4061250.1193 3159537.4020 4015448.0530
4057525.0172 3163368.5413 4014988.5752
4053812.7498 3167208.1827 4014545.4613
4050122.1770 3171063.3380 4014127.5851
4046462.1214 3174941.0490 4013743.8119
4042841.3684 3178848.3872 4013402.9986
4039268.6659 3182792.4541 4013113.9937
4035752.7244 3186780.3810 4012885.6373
4032302.2168 3190819.3284 4012726.7612
4028925.7787 3194916.4869 4012646.1889
4025632.0081 3199079.0761 4012652.7357
4022429.4654 3203314.3450 4012755.2085
4019326.6736 3207629.5721 4012962.4062
4016332.1178 3212032.0648 4013283.1194
4013070.2091 3209423.3772 4017355.3574
4013070.2091 3209423.3772 4017355.3574
4016101.3722 3205055.6155 4017073.6244
4019238.3620 3200773.0680 4016903.1221
4022472.7087 3196568.4520 4016835.0655
4025795.9050 3192434.5138 4016860.6617
4029199.4061 3188364.0293 4016971.1094
4032674.6298 3184349.8031 4017157.5990
4036212.9565 3180384.6695 4017411.3128
4039805.7291 3176461.4924 4017723.4247
4043444.2532 3172573.1648 4018085.1003
4047119.7970 3168712.6097 4018487.4968
4050823.5915 3164872.7797 4018921.7630
4054546.8304 3161046.6572 4019379.0393
4058280.6700 3157227.2547 4019850.4576
4062016.2296 3153407.6145 4020327.1413
4065744.5911 3149580.8091 4020800.2054
4069456.7994 3145739.9412 4021260.7562
4073143.8622 3141878.1438 4021699.8914
4076796.7500 3137988.5803 4022108.7003
4080406.3965 3134064.4445 4022478.2633
4083963.6979 3130098.9609 4022799.6521
4083963.6979 3130098.9609 4022799.6521
4080406.3965 3134064.4445 4022478.2633
4076796.7500 3137988.5803 4022108.7003
4073143.8622 3141878.1438 4021699.8914
4069456.7994 3145739.9412 4021260.7562
4065744.5911 3149580.8091 4020800.2054
4062016.2296 3153407.6145 4020327.1413
4058280.6700 3157227.2547 4019850.4576
4054546.8304 3161046.6572 4019379.0393
4050823.5915 3164872.7797 4018921.7630
4047119.7970 3168712.6097 4018487.4968
4043444.2532 3172573.1648 4018085.1003
4039805.7291 3176461.4924 4017723.4247
4036212.9565 3180384.6695 4017411.3128
4032674.6298 3184349.8031 4017157.5990
4029199.4061 3188364.0293 4016971.1094
4025795.9050 3192434.5138 4016860.6617
4022472.7087 3196568.4520 4016835.0655
4019238.3620 3200773.0680 4016903.1221
4016101.3722 3205055.6155 4017073.6244
4013070.2091 3209423.3772 4017355.3574
4009898.5677 3206886.8804 4021517.0551
4009898.5677 3206886.8804 4021517.0551
4012964.7752 3202552.4497 4021272.7945
4016134.4043 3198301.1907 4021137.4781
4019399.0007 3194125.8455 4021102.3269
4022750.0729 3190019.1854 4021158.5536
4026179.0916 3185974.0105 4021297.3627
4029677.4904 3181983.1504 4021509.9505
4033236.6656 3178039.4637 4021787.5049
4036847.9760 3174135.8388 4022121.2057
4040502.7434 3170265.1930 4022502.2241
4044192.2520 3166420.4738 4022921.7231
4047907.7492 3162594.6578 4023370.8573
4051640.4450 3158780.7518 4023840.7728
4055381.5121 3154971.7921 4024322.6073
4059122.0863 3151160.8452 4024807.4898
4062853.2662 3147341.0075 4025286.5410
4066566.1134 3143505.4056 4025750.8729
4070251.6524 3139647.1962 4026191.5891
4073900.8707 3135759.5665 4026599.7843
4077504.7188 3131835.7340 4026966.5447
4081054.1103 3127868.9466 4027282.9480
4081054.1103 3127868.9466 4027282.9480
4077504.7188 3131835.7340 4026966.5447
4073900.8707 3135759.5665 4026599.7843
4070251.6524 3139647.1962 4026191.5891
4066566.1134 3143505.4056 4025750.8729
4062853.2662 3147341.0075 4025286.5410
4059122.0863 3151160.8452 4024807.4898
4055381.5121 3154971.7921 4024322.6073
4051640.4450 3158780.7518 4023840.7728
4047907.7492 3162594.6578 4023370.8573
4044192.2520 3166420.4738 4022921.7231
4040502.7434 3170265.1930 4022502.2241
4036847.9760 3174135.8388 4022121.2057
4033236.6656 3178039.4637 4021787.5049
4029677.4904 3181983.1504 4021509.9505
4026179.0916 3185974.0105 4021297.3627
4022750.0729 3190019.1854 4021158.5536
4019399.0007 3194125.8455 4021102.3269
4016134.4043 3198301.1907 4021137.4781
4012964.7752 3202552.4497 4021272.7945
4009898.5677 3206886.8804 4021517.0551
4006812.8380 3204419.0907 4025764.3151
4006812.8380 3204419.0907 4025764.3151
4009912.5295 3200116.6005 4025556.0167
4013113.2420 3195895.2485 4025454.3745
4016406.5367 3191747.8017 4025450.6153
4019783.9375 3187667.0559 4025535.9576
4023236.9311 3183645.8361 4025701.6119
4026756.9667 3179676.9963 4025938.7801
4030335.4565 3175753.4196 4026238.6561
4033963.7753 3171868.0187 4026592.4253
4037633.2609 3168013.7355 4026991.2648
4041335.2138 3164183.5415 4027426.3435
4045060.8976 3160370.4377 4027888.8215
4048801.5384 3156567.4549 4028369.8508
4052548.3257 3152767.6535 4028860.5749
4056292.4117 3148964.1240 4029352.1285
4060024.9117 3145149.9866 4029835.6382
4063736.9038 3141318.3919 4030302.2216
4067419.4296 3137462.5204 4030742.9880
4071063.4933 3133575.5827 4031149.0379
4074660.0625 3129650.8202 4031511.4634
4078200.0679 3125681.5043 4031821.3475
4078200.0679 3125681.5043 4031821.3475
4074660.0625 3129650.8202 4031511.4634
4071063.4933 3133575.5827 4031149.0379
4067419.4296 3137462.5204 4030742.9880
4063736.9038 3141318.3919 4030302.2216
4060024.9117 3145149.9866 4029835.6382
4056292.4117 3148964.1240 4029352.1285
4052548.3257 3152767.6535 4028860.5749
4048801.5384 3156567.4549 4028369.8508
4045060.8976 3160370.4377 4027888.8215
4041335.2138 3164183.5415 4027426.3435
4037633.2609 3168013.7355 4026991.2648
4033963.7753 3171868.0187 4026592.4253
4030335.4565 3175753.4196 4026238.6561
4026756.9667 3179676.9963 4025938.7801
4023236.9311 3183645.8361 4025701.6119
4019783.9375 3187667.0559 4025535.9576
4016406.5367 3191747.8017 4025450.6153
4013113.2420 3195895.2485 4025454.3745
4009912.5295 3200116.6005 4025556.0167
4006812.8380 3204419.0907 4025764.3151
4003808.6753 3202016.5337 4030093.2206
4003808.6753 3202016.5337 4030093.2206
4006940.2932 3197744.6029 4029919.3717
4010170.5358 3193551.7860 4029849.8894
4013490.9799 3189430.8745 4029876.0066
4016893.1651 3185374.6890 4029988.9474
4020368.5936 3181376.0790 4030179.9282
4023908.7304 3177427.9230 4030440.1569
4027505.0037 3173523.1288 4030760.8331
4031148.8043 3169654.6333 4031133.1481
4034831.4859 3165815.4027 4031548.2849
4038544.3654 3161998.4328 4031997.4180
4042278.7223 3158196.7487 4032471.7135
4046025.7994 3154403.4052 4032962.3291
4049776.8025 3150611.4870 4033460.4141
4053522.9003 3146814.1083 4033957.1092
4057255.2248 3143004.4134 4034443.5465
4060964.8709 3139175.5765 4034910.8496
4064642.8968 3135320.8018 4035350.1335
4068280.3238 3131433.3239 4035752.5045
4071868.1366 3127506.4074 4036109.0603
4075397.2827 3123533.3474 4036410.8900
4075397.2827 3123533.3474 4036410.8900
4071868.1366 3127506.4074 4036109.0603
4068280.3238 3131433.3239 4035752.5045
4064642.8968 3135320.8018 4035350.1335
4060964.8709 3139175.5765 4034910.8496
4057255.2248 3143004.4134 4034443.5465
4053522.9003 3146814.1083 4033957.1092
4049776.8025 3150611.4870 4033460.4141
4046025.7994 3154403.4052 4032962.3291
4042278.7223 3158196.7487 4032471.7135
4038544.3654 3161998.4328 4031997.4180
4034831.4859 3165815.4027 4031548.2849
4031148.8043 3169654.6333 4031133.1481
4027505.0037 3173523.1288 4030760.8331
4023908.7304 3177427.9230 4030440.1569
4020368.5936 3181376.0790 4030179.9282
4016893.1651 3185374.6890 4029988.9474
4013490.9799 3189430.8745 4029876.0066
4010170.5358 3193551.7860 4029849.8894
4006940.2932 3197744.6029 4029919.3717
4003808.6753 3202016.5337 4030093.2206
4000881.7461 3199675.7436 4034499.8350
4000881.7461 3199675.7436 4034499.8350
4004043.7354 3195433.0008 4034358.9206
4007301.9577 3191267.3563 4034320.0819
4010648.0052 3187171.6265 4034374.5574
4014073.4331 3183138.6566 4034513.5773
4017569.7592 3179161.3207 4034728.3639
4021128.4647 3175232.5218 4035010.1308
4024740.9932 3171345.1920 4035350.0837
4028398.7516 3167492.2926 4035739.4196
4032093.1099 3163666.8141 4036169.3274
4035815.4009 3159861.7764 4036630.9876
4039556.9205 3156070.2289 4037115.5721
4043308.9279 3152285.2505 4037614.2444
4047062.6452 3148499.9496 4038118.1596
4050809.2578 3144707.4646 4038618.4642
4054539.9141 3140900.9635 4039106.2963
4058245.7261 3137073.6442 4039572.7853
4061917.7685 3133218.7349 4040009.0518
4065547.0797 3129329.4935 4040406.2082
4069124.6613 3125399.2083 4040755.3579
4072641.4780 3121421.1980 4041047.5957
4072641.4780 3121421.1980 4041047.5957
4069124.6613 3125399.2083 4040755.3579
4065547.0797 3129329.4935 4040406.2082
4061917.7685 3133218.7349 4040009.0518
4058245.7261 3137073.6442 4039572.7853
4054539.9141 3140900.9635 4039106.2963
4050809.2578 3144707.4646 4038618.4642
4047062.6452 3148499.9496 4038118.1596
4043308.9279 3152285.2505 4037614.2444
4039556.9205 3156070.2289 4037115.5721
4035815.4009 3159861.7764 4036630.9876
4032093.1099 3163666.8141 4036169.3274
4028398.7516 3167492.2926 4035739.4196
4024740.9932 3171345.1920 4035350.0837
4021128.4647 3175232.5218 4035010.1308
4017569.7592 3179161.3207 4034728.3639
4014073.4331 3183138.6566 4034513.5773
4010648.0052 3187171.6265 4034374.5574
4007301.9577 3191267.3563 4034320.0819
4004043.7354 3195433.0008 4034358.9206
4000881.7461 3199675.7436 4034499.8350
3998027.7280 3197393.2636 4038980.2025
3998027.7280 3197393.2636 4038980.2025
4001218.5365 3193178.3466 4038870.7054
4004503.1907 3189038.5216 4038860.9914
4007873.2983 3184966.6294 4038942.3049
4011320.4300 3180955.5400 4039105.8822
4014836.1195 3176998.1519 4039342.9514
4018411.8635 3173087.3926 4039644.7321
4022039.1218 3169216.2185 4040002.4359
4025709.3171 3165377.6153 4040407.2657
4029413.8354 3161564.5978 4040850.4164
4033144.0259 3157770.2100 4041323.0741
4036891.2006 3153987.5254 4041816.4169
4040646.6351 3150209.6469 4042321.6141
4044401.5680 3146429.7070 4042829.8267
4048147.2011 3142640.8678 4043332.2070
4051874.6997 3138836.3212 4043819.8990
4055575.1923 3135009.2889 4044284.0379
4059239.7705 3131153.0226 4044715.7504
4062859.4897 3127260.8040 4045106.1544
4066425.3684 3123325.9448 4045446.3594
4069928.3886 3119341.7871 4045727.4660
4069928.3886 3119341.7871 4045727.4660
4066425.3684 3123325.9448 4045446.3594
4062859.4897 3127260.8040 4045106.1544
4059239.7705 3131153.0226 4044715.7504
4055575.1923 3135009.2889 4044284.0379
4051874.6997 3138836.3212 4043819.8990
4048147.2011 3142640.8678 4043332.2070
4044401.5680 3146429.7070 4042829.8267
4040646.6351 3150209.6469 4042321.6141
4036891.2006 3153987.5254 4041816.4169
4033144.0259 3157770.2100 4041323.0741
4029413.8354 3161564.5978 4040850.4164
4025709.3171 3165377.6153 4040407.2657
4022039.1218 3169216.2185 4040002.4359
4018411.8635 3173087.3926 4039644.7321
4014836.1195 3176998.1519 4039342.9514
4011320.4300 3180955.5400 4039105.8822
4007873.2983 3184966.6294 4038942.3049
4004503.1907 3189038.5216 4038860.9914
4001218.5365 3193178.3466 4038870.7054
3998027.7280 3197393.2636 4038980.2025
3995242.3097 3195165.6459 4043530.3475
3995242.3097 3195165.6459 4043530.3475
3998460.3881 3190977.2022 4043450.7482
4001769.9292 3186861.8530 4043468.6378
4005162.5564 3182812.4639 4043575.2669
4008629.8559 3178821.9292 4043761.8777
4012163.3771 3174883.1720 4044019.7042
4015754.6325 3170989.1442 4044339.9721
4019395.0978 3167132.8267 4044713.8988
4023076.2118 3163307.2293 4045132.6933
4026789.3766 3159505.3910 4045587.5563
4030525.9572 3155720.3802 4046069.6801
4034277.2823 3151945.2941 4046570.2484
4038034.6437 3148173.2599 4047080.4367
4041789.2964 3144397.4338 4047591.4117
4045532.4589 3140611.0019 4048094.3318
4049255.3130 3136807.1799 4048580.3468
4052949.0038 3132979.2131 4049040.5978
4056604.6402 3129120.3769 4049466.2174
4060213.2941 3125223.9765 4049848.3295
4063766.0012 3121283.3472 4050178.0493
4067253.7605 3117291.8545 4050446.4834
4067253.7605 3117291.8545 4050446.4834
4063766.0012 3121283.3472 4050178.0493
4060213.2941 3125223.9765 4049848.3295
4056604.6402 3129120.3769 4049466.2174
4052949.0038 3132979.2131 4049040.5978
4049255.3130 3136807.1799 4048580.3468
4045532.4589 3140611.0019 4048094.3318
4041789.2964 3144397.4338 4047591.4117
4038034.6437 3148173.2599 4047080.4367
4034277.2823 3151945.2941 4046570.2484
4030525.9572 3155720.3802 4046069.6801
4026789.3766 3159505.3910 4045587.5563
4023076.2118 3163307.2293 4045132.6933
4019395.0978 3167132.8267 4044713.8988
4015754.6325 3170989.1442 4044339.9721
4012163.3771 3174883.1720 4044019.7042
4008629.8559 3178821.9292 4043761.8777
4005162.5564 3182812.4639 4043575.2669
4001769.9292 3186861.8530 4043468.6378
3998460.3881 3190977.2022 4043450.7482
3995242.3097 3195165.6459 4043530.3475
3992521.1913 3192989.4514 4048146.2755
3992521.1913 3192989.4514 4048146.2755
3995764.9928 3188826.1380 4048095.0520
3999097.8787 3184733.9306 4048139.0219
4002511.4877 3180705.7193 4048269.4418
4005997.4217 3176734.4230 4048477.5599
4009547.2458 3172812.9893 4048754.6163
4013152.4884 3168934.3945 4049091.8426
4016804.6410 3165091.6437 4049480.4621
4020495.1584 3161277.7711 4049911.6901
4024215.4586 3157485.8398 4050376.7330
4027956.9232 3153708.9422 4050866.7891
4031710.8969 3149940.1998 4051373.0482
4035468.6878 3146172.7635 4051886.6916
4039221.5675 3142399.8135 4052398.8921
4042960.7709 3138614.5598 4052900.8140
4046677.4967 3134810.2417 4053383.6130
4050362.9066 3130980.1283 4053838.4363
4054008.1262 3127117.5185 4054256.4223
4057604.2446 3123215.7411 4054628.7008
4061142.3143 3119268.1549 4054946.3931
4064613.3517 3115268.1487 4055200.6115
4064613.3517 3115268.1487 4055200.6115
4061142.3143 3119268.1549 4054946.3931
4057604.2446 3123215.7411 4054628.7008
4054008.1262 3127117.5185 4054256.4223
4050362.9066 3130980.1283 4053838.4363
4046677.4967 3134810.2417 4053383.6130
4042960.7709 3138614.5598 4052900.8140
4039221.5675 3142399.8135 4052398.8921
4035468.6878 3146172.7635 4051886.6916
4031710.8969 3149940.1998 4051373.0482
4027956.9232 3153708.9422 4050866.7891
4024215.4586 3157485.8398 4050376.7330
4020495.1584 3161277.7711 4049911.6901
4016804.6410 3165091.6437 4049480.4621
4013152.4884 3168934.3945 4049091.8426
4009547.2458 3172812.9893 4048754.6163
4005997.4217 3176734.4230 4048477.5599
4002511.4877 3180705.7193 4048269.4418
3999097.8787 3184733.9306 4048139.0219
3995764.9928 3188826.1380 4048095.0520
3992521.1913 3192989.4514 4048146.2755
3989860.0839 3190861.2504 4052823.9721
3989860.0839 3190861.2504 4052823.9721
3993128.0647 3186721.7337 4052799.6003
3996482.7559 3182651.3433 4052868.1251
3999915.8118 3178642.9941 4053020.8089
4003418.8499 3174689.6295 4053248.9060
4006983.4511 3170784.2213 4053543.6626
4010601.1594 3166919.7702 4053896.3163
4014263.4823 3163089.3058 4054298.0966
4017961.8906 3159285.8863 4054740.2245
4021687.8184 3155502.5990 4055213.9126
4025432.6635 3151732.5604 4055710.3653
4029187.7867 3147968.9161 4056220.7783
4032944.5127 3144204.8407 4056736.3390
4036694.1295 3140433.5385 4057248.2261
4040427.8886 3136648.2431 4057747.6099
4044137.0052 3132842.2176 4058225.6521
4047812.6578 3129008.7547 4058673.5059
4051445.9890 3125141.1770 4059082.3156
4055028.1045 3121232.8367 4059443.2171
4058550.0742 3117277.1160 4059747.3375
4062002.9313 3113267.4272 4059985.7952
4062002.9313 3113267.4272 4059985.7952
4058550.0742 3117277.1160 4059747.3375
4055028.1045 3121232.8367 4059443.2171
4051445.9890 3125141.1770 4059082.3156
4047812.6578 3129008.7547 4058673.5059
4044137.0052 3132842.2176 4058225.6521
4040427.8886 3136648.2431 4057747.6099
4036694.1295 3140433.5385 4057248.2261
4032944.5127 3144204.8407 4056736.3390
4029187.7867 3147968.9161 4056220.7783
4025432.6635 3151732.5604 4055710.3653
4021687.8184 3155502.5990 4055213.9126
4017961.8906 3159285.8863 4054740.2245
4014263.4823 3163089.3058 4054298.0966
4010601.1594 3166919.7702 4053896.3163
4006983.4511 3170784.2213 4053543.6626
4003418.8499 3174689.6295 4053248.9060
3999915.8118 3178642.9941 4053020.8089
3996482.7559 3182651.3433 4052868.1251
3993128.0647 3186721.7337 4052799.6003
3989860.0839 3190861.2504 4052823.9721
3987254.7101 3188777.6218 4057559.4038
3987254.7101 3188777.6218 4057559.4038
3990545.3291 3184660.5777 4057560.3576
3993920.2891 3180610.6893 4057651.9094
3997371.2598 3176620.8959 4057825.3280
4000889.8744 3172684.1654 4058071.8737
4004467.7294 3168793.4942 4058382.7987
4008096.3849 3164941.9071 4058749.3468
4011767.3640 3161122.4580 4059162.7535
4015472.1536 3157328.2294 4059614.2459
4019202.2040 3153552.3326 4060095.0427
4022948.9290 3149787.9082 4060596.3542
4026703.7059 3146028.1256 4061109.3823
4030457.8756 3142266.1836 4061625.3203
4034202.7425 3138495.3101 4062135.3531
4037929.5748 3134708.7625 4062630.6569
4041629.6043 3130899.8276 4063102.3995
4045294.0264 3127061.8218 4063541.7400
4048914.0002 3123188.0910 4063939.8289
4052480.6487 3119272.0112 4064287.8080
4055985.0586 3115306.9877 4064576.8105
4059418.2803 3111286.4562 4064797.9606
4059418.2803 3111286.4562 4064797.9606
4055985.0586 3115306.9877 4064576.8105
4052480.6487 3119272.0112 4064287.8080
4048914.0002 3123188.0910 4063939.8289
4045294.0264 3127061.8218 4063541.7400
4041629.6043 3130899.8276 4063102.3995
4037929.5748 3134708.7625 4062630.6569
4034202.7425 3138495.3101 4062135.3531
4030457.8756 3142266.1836 4061625.3203
4026703.7059 3146028.1256 4061109.3823
4022948.9290 3149787.9082 4060596.3542
4019202.2040 3153552.3326 4060095.0427
4015472.1536 3157328.2294 4059614.2459
4011767.3640 3161122.4580 4059162.7535
4008096.3849 3164941.9071 4058749.3468
4004467.7294 3168793.4942 4058382.7987
4000889.8744 3172684.1654 4058071.8737
3997371.2598 3176620.8959 4057825.3280
3993920.2891 3180610.6893 4057651.9094
3990545.3291 3184660.5777 4057560.3576
3987254.7101 3188777.6218 4057559.4038
3984700.8038 3186735.1540 4062348.5177
3984700.8038 3186735.1540 4062348.5177
3988012.5227 3182639.2678 4062373.2685
3991406.2176 3178608.5756 4062486.3176
3994873.5738 3174636.0412 4062678.9398
3998406.2402 3170714.6569 4062942.4015
4001995.8289 3166837.4434 4063267.9611
4005633.9158 3162997.4500 4063646.8685
4009312.0400 3159187.7546 4064070.3652
4013021.7043 3155401.4640 4064529.6846
4016754.3751 3151631.7135 4065016.0513
4020501.4825 3147871.6677 4065520.6819
4024254.4199 3144114.5200 4066034.7843
4028004.5447 3140353.4930 4066549.5578
4031743.1778 3136581.8385 4067056.1934
4035461.6039 3132792.8375 4067545.8734
4039151.0714 3128979.8005 4068009.7717
4042802.7925 3125136.0675 4068439.0535
4046407.9433 3121255.0080 4068824.8751
4049957.6635 3117330.0211 4069158.3846
4053443.0570 3113354.5359 4069430.7211
4056855.1912 3109322.0111 4069633.0150
4056855.1912 3109322.0111 4069633.0150
4053443.0570 3113354.5359 4069430.7211
4049957.6635 3117330.0211 4069158.3846
4046407.9433 3121255.0080 4068824.8751
4042802.7925 3125136.0675 4068439.0535
4039151.0714 3128979.8005 4068009.7717
4035461.6039 3132792.8375 4067545.8734
4031743.1778 3136581.8385 4067056.1934
4028004.5447 3140353.4930 4066549.5578
4024254.4199 3144114.5200 4066034.7843
4020501.4825 3147871.6677 4065520.6819
4016754.3751 3151631.7135 4065016.0513
4013021.7043 3155401.4640 4064529.6846
4009312.0400 3159187.7546 4064070.3652
4005633.9158 3162997.4500 4063646.8685
4001995.8289 3166837.4434 4063267.9611
3998406.2402 3170714.6569 4062942.4015
3994873.5738 3174636.0412 4062678.9398
3991406.2176 3178608.5756 4062486.3176
3988012.5227 3182639.2678 4062373.2685
3984700.8038 3186735.1540 4062348.5177
3982194.1100 3184730.4441 4067187.2417
3982194.1100 3184730.4441 4067187.2417
3985525.3934 3180654.4106 4067234.2590
3988936.2923 3176641.6183 4067367.2734
3992418.5077 3172685.0554 4067577.5657
3995963.7040 3168777.7388 4067856.4088
3999563.5090 3164912.7133 4068195.0671
4003209.5145 3161083.0526 4068584.7965
4006893.2754 3157281.8587 4069016.8450
4010606.3107 3153502.2626 4069482.4518
4014340.1028 3149737.4236 4069972.8479
4018086.0978 3145980.5303 4070479.2558
4021835.7057 3142224.7999 4070992.8896
4025580.3001 3138463.4790 4071504.9548
4029311.2184 3134689.8430 4072006.6485
4033019.7618 3130897.1968 4072489.1591
4036697.1955 3127078.8743 4072943.6665
4040334.7483 3123228.2391 4073361.3420
4043923.6133 3119338.6843 4073733.3482
4047454.9471 3115403.6323 4074050.8391
4050919.8704 3111416.5355 4074304.9599
4054309.4682 3107370.8760 4074486.8470
4054309.4682 3107370.8760 4074486.8470
4050919.8704 3111416.5355 4074304.9599
4047454.9471 3115403.6323 4074050.8391
4043923.6133 3119338.6843 4073733.3482
4040334.7483 3123228.2391 4073361.3420
4036697.1955 3127078.8743 4072943.6665
4033019.7618 3130897.1968 4072489.1591
4029311.2184 3134689.8430 4072006.6485
4025580.3001 3138463.4790 4071504.9548
4021835.7057 3142224.7999 4070992.8896
4018086.0978 3145980.5303 4070479.2558
4014340.1028 3149737.4236 4069972.8479
4010606.3107 3153502.2626 4069482.4518
4006893.2754 3157281.8587 4069016.8450
4003209.5145 3161083.0526 4068584.7965
3999563.5090 3164912.7133 4068195.0671
3995963.7040 3168777.7388 4067856.4088
3992418.5077 3172685.0554 4067577.5657
3988936.2923 3176641.6183 4067367.2734
3985525.3934 3180654.4106 4067234.2590
3982194.1100 3184730.4441 4067187.2417
3979730.3854 3182760.0985 4072071.4843
3979730.3854 3182760.0985 4072071.4843
3983079.7006 3178702.6219 4072139.2354
3986506.2755 3174706.4426 4072290.6809
3990001.8265 3170764.5733 4072517.1081
3993558.0336 3166870.0551 4072809.7958
3997166.5406 3163015.9574 4073160.0148
4000818.9547 3159195.3778 4073559.0272
4004506.8471 3155401.4426 4073998.0870
4008221.7525 3151627.3068 4074468.4397
4011955.1696 3147866.1538 4074961.3226
4015698.5607 3144111.1961 4075467.9642
4019443.3519 3140355.6750 4075979.5847
4023180.9332 3136592.8605 4076487.3960
4026902.6587 3132816.0519 4076982.6011
4030599.8460 3129018.5778 4077456.3946
4034263.7770 3125193.7957 4077899.9627
4037885.6973 3121335.0927 4078304.4827
4041456.8167 3117435.8852 4078661.1234
4044968.3089 3113489.6193 4078961.0448
4048411.3117 3109489.7704 4079195.3984
4051776.9269 3105429.8439 4079355.3266
4051776.9269 3105429.8439 4079355.3266
4048411.3117 3109489.7704 4079195.3984
4044968.3089 3113489.6193 4078961.0448
4041456.8167 3117435.8852 4078661.1234
4037885.6973 3121335.0927 4078304.4827
4034263.7770 3125193.7957 4077899.9627
4030599.8460 3129018.5778 4077456.3946
4026902.6587 3132816.0519 4076982.6011
4023180.9332 3136592.8605 4076487.3960
4019443.3519 3140355.6750 4075979.5847
4015698.5607 3144111.1961 4075467.9642
4011955.1696 3147866.1538 4074961.3226
4008221.7525 3151627.3068 4074468.4397
4004506.8471 3155401.4426 4073998.0870
4000818.9547 3159195.3778 4073559.0272
3997166.5406 3163015.9574 4073160.0148
3993558.0336 3166870.0551 4072809.7958
3990001.8265 3170764.5733 4072517.1081
3986506.2755 3174706.4426 4072290.6809
3983079.7006 3178702.6219 4072139.2354
3979730.3854 3182760.0985 4072071.4843
3977305.3979 3180820.7326 4076997.1349
3977305.3979 3180820.7326 4076997.1349
3980671.2152 3176780.5266 4077084.0849
3984111.9409 3172799.6829 4077252.4255
3987619.3068 3168871.2386 4077493.4500
3991185.0087 3164988.2592 4077798.4437
3994800.7060 3161143.8381 4078158.6834
3998458.0219 3157331.0974 4078565.4375
4002148.5432 3153543.1875 4079009.9663
4005863.8210 3149773.2872 4079483.5216
4009595.3698 3146014.6042 4079977.3466
4013334.6681 3142260.3747 4080482.6763
4017073.1585 3138503.8637 4080990.7370
4020802.2473 3134738.3654 4081492.7467
4024513.3049 3130957.2025 4081979.9148
4028197.6658 3127153.7272 4082443.4419
4031846.6282 3123321.3206 4082874.5205
4035451.4548 3119453.3934 4083264.3339
4039003.3720 3115543.3853 4083604.0572
4042493.5705 3111584.7657 4083884.8566
4045913.2052 3107571.0334 4084097.8897
4049253.3951 3103495.7169 4084234.3051
4049253.3951 3103495.7169 4084234.3051
4045913.2052 3107571.0334 4084097.8897
4042493.5705 3111584.7657 4083884.8566
4039003.3720 3115543.3853 4083604.0572
4035451.4548 3119453.3934 4083264.3339
4031846.6282 3123321.3206 4082874.5205
4028197.6658 3127153.7272 4082443.4419
4024513.3049 3130957.2025 4081979.9148
4020802.2473 3134738.3654 4081492.7467
4017073.1585 3138503.8637 4080990.7370
4013334.6681 3142260.3747 4080482.6763
4009595.3698 3146014.6042 4079977.3466
4005863.8210 3149773.2872 4079483.5216
4002148.5432 3153543.1875 4079009.9663
3998458.0219 3157331.0974 4078565.4375
3994800.7060 3161143.8381 4078158.6834
3991185.0087 3164988.2592 4077798.4437
3987619.3068 3168871.2386 4077493.4500
3984111.9409 3172799.6829 4077252.4255
3980671.2152 3176780.5266 4077084.0849
3977305.3979 3180820.7326 4076997.1349
3974914.9269 3178908.9710 4081960.0637
3974914.9269 3178908.9710 4081960.0637
3978295.7195 3174884.7587 4082064.6758
3981749.0736 3170917.9826 4082248.3732
3985266.7367 3167001.7042 4082502.4556
3988840.4202 3163129.0131 4082818.2144
3992461.7992 3159293.0272 4083186.9328
3996122.5128 3155486.8926 4083599.8856
3999814.1637 3151703.7838 4084048.3392
4003528.3188 3147936.9037 4084523.5516
4007256.5090 3144179.4838 4085016.7724
4010990.2289 3140424.7843 4085519.2426
4014720.9373 3136666.0941 4086022.1951
4018440.0570 3132896.7307 4086516.8539
4022138.9749 3129110.0410 4086994.4345
4025809.0418 3125299.4005 4087446.1441
4029441.5730 3121458.2140 4087863.1811
4033027.8476 3117579.9154 4088236.7351
4036559.1090 3113657.9679 4088557.9875
4040026.5650 3109685.8642 4088818.1106
4043421.3872 3105657.1264 4089008.2681
4046734.7120 3101565.3062 4089119.6151
4046734.7120 3101565.3062 4089119.6151
4043421.3872 3105657.1264 4089008.2681
4040026.5650 3109685.8642 4088818.1106
4036559.1090 3113657.9679 4088557.9875
4033027.8476 3117579.9154 4088236.7351
4029441.5730 3121458.2140 4087863.1811
4025809.0418 3125299.4005 4087446.1441
4022138.9749 3129110.0410 4086994.4345
4018440.0570 3132896.7307 4086516.8539
4014720.9373 3136666.0941 4086022.1951
4010990.2289 3140424.7843 4085519.2426
4007256.5090 3144179.4838 4085016.7724
4003528.3188 3147936.9037 4084523.5516
3999814.1637 3151703.7838 4084048.3392
3996122.5128 3155486.8926 4083599.8856
3992461.7992 3159293.0272 4083186.9328
3988840.4202 3163129.0131 4082818.2144
3985266.7367 3167001.7042 4082502.4556
3981749.0736 3170917.9826 4082248.3732
3978295.7195 3174884.7587 4082064.6758
3974914.9269 3178908.9710 4081960.0637
3972554.7633 3177021.4476 4086956.1216
3972554.7633 3177021.4476 4086956.1216
3975949.0072 3173011.9615 4087076.8569
3979413.4703 3169057.9944 4087274.3709
3982939.9158 3165152.6320 4087539.9697
3986520.0707 3161288.9883 4087864.9510
3990145.6257 3157460.2054 4088240.6043
3993808.2358 3153659.4535 4088658.2107
3997499.5198 3149879.9310 4089109.0428
4001211.0604 3146114.8650 4089584.3650
4004934.4046 3142357.5109 4090075.4332
4008661.0634 3138601.1526 4090573.4948
4012382.5117 3134839.1027 4091069.7887
4016090.1887 3131064.7028 4091555.5453
4019775.4979 3127271.3230 4092021.9865
4023429.8067 3123452.3626 4092460.3255
4027044.4469 3119601.2497 4092861.7671
4030610.7144 3115711.4418 4093217.5072
4034119.8696 3111776.4255 4093518.7334
4037563.1370 3107789.7166 4093756.6241
4040931.7056 3103744.8604 4093922.3495
4044216.7287 3099635.4317 4094007.0707
4044216.7287 3099635.4317 4094007.0707
4040931.7056 3103744.8604 4093922.3495
4037563.1370 3107789.7166 4093756.6241
4034119.8696 3111776.4255 4093518.7334
4030610.7144 3115711.4418 4093217.5072
4027044.4469 3119601.2497 4092861.7671
4023429.8067 3123452.3626 4092460.3255
4019775.4979 3127271.3230 4092021.9865
4016090.1887 3131064.7028 4091555.5453
4012382.5117 3134839.1027 4091069.7887
4008661.0634 3138601.1526 4090573.4948
4004934.4046 3142357.5109 4090075.4332
4001211.0604 3146114.8650 4089584.3650
3997499.5198 3149879.9310 4089109.0428
3993808.2358 3153659.4535 4088658.2107
3990145.6257 3157460.2054 4088240.6043
3986520.0707 3161288.9883 4087864.9510
3982939.9158 3165152.6320 4087539.9697
3979413.4703 3169057.9944 4087274.3709
3975949.0072 3173011.9615 4087076.8569
3972554.7633 3177021.4476 4086956.1216
3970220.7096 3175154.8053 4091981.1404
3970220.7096 3175154.8053 4091981.1404
3973626.8836 3171158.7874 4092116.4580
3977100.9393 3167216.3800 4092326.2465
3980634.6553 3163320.6934 4092601.8182
3984219.7741 3159464.8656 4092934.4774
3987848.0025 3155642.0628 4093315.5197
3991511.0110 3151845.4794 4093736.2327
3995200.4345 3148068.3380 4094187.8954
3998907.8717 3144303.8893 4094661.7783
4002624.8857 3140545.4128 4095149.1438
4006343.0036 3136786.2161 4095641.2456
4010053.7167 3133019.6357 4096129.3288
4013748.4806 3129239.0367 4096604.6302
4017418.7152 3125437.8129 4097058.3780
4021055.8046 3121609.3871 4097481.7918
4024651.0971 3117747.2109 4097866.0825
4028195.9056 3113844.7651 4098202.4524
4031681.5072 3109895.5595 4098482.0953
4035099.1434 3105893.1334 4098696.1961
4038440.0202 3101831.0552 4098835.9309
4041695.3080 3097702.9228 4098892.4674
4041695.3080 3097702.9228 4098892.4674
4038440.0202 3101831.0552 4098835.9309
4035099.1434 3105893.1334 4098696.1961
4031681.5072 3109895.5595 4098482.0953
4028195.9056 3113844.7651 4098202.4524
4024651.0971 3117747.2109 4097866.0825
4021055.8046 3121609.3871 4097481.7918
4017418.7152 3125437.8129 4097058.3780
4013748.4806 3129239.0367 4096604.6302
4010053.7167 3133019.6357 4096129.3288
4006343.0036 3136786.2161 4095641.2456
4002624.8857 3140545.4128 4095149.1438
3998907.8717 3144303.8893 4094661.7783
3995200.4345 3148068.3380 4094187.8954
3991511.0110 3151845.4794 4093736.2327
3987848.0025 3155642.0628 4093315.5197
3984219.7741 3159464.8656 4092934.4774
3980634.6553 3163320.6934 4092601.8182
3977100.9393 3167216.3800 4092326.2465
3973626.8836 3171158.7874 4092116.4580
3970220.7096 3175154.8053 4091981.1404
3967908.5797 3173305.6964 4097030.9330
3967908.5797 3173305.6964 4097030.9330
3971325.1657 3169321.8980 4097179.2900
3974807.3003 3165389.8106 4097399.8088
3978346.7778 3161502.5687 4097683.8081
3981935.3563 3157653.3345 4098022.5986
3985564.7583 3153835.2985 4098407.4823
3989226.6701 3150041.6789 4098829.7530
3992912.7426 3146265.7224 4099280.6963
3996614.5905 3142500.7037 4099751.5890
4000323.7929 3138739.9260 4100233.6998
4004031.8932 3134976.7208 4100718.2888
4007730.3991 3131204.4482 4101196.6075
4011410.7825 3127416.4970 4101659.8990
4015064.4798 3123606.2845 4102099.3978
4018682.8915 3119767.2570 4102506.3299
4022257.3829 3115892.8897 4102871.9125
4025779.2834 3111976.6865 4103187.3543
4029239.8871 3108012.1807 4103443.8553
4032630.4524 3103992.9347 4103632.6067
4035942.2024 3099912.5400 4103744.7911
4039166.3246 3095764.6176 4103771.5824
4039166.3246 3095764.6176 4103771.5824
4035942.2024 3099912.5400 4103744.7911
4032630.4524 3103992.9347 4103632.6067
4029239.8871 3108012.1807 4103443.8553
4025779.2834 3111976.6865 4103187.3543
4022257.3829 3115892.8897 4102871.9125
4018682.8915 3119767.2570 4102506.3299
4015064.4798 3123606.2845 4102099.3978
4011410.7825 3127416.4970 4101659.8990
4007730.3991 3131204.4482 4101196.6075
4004031.8932 3134976.7208 4100718.2888
4000323.7929 3138739.9260 4100233.6998
3996614.5905 3142500.7037 4099751.5890
3992912.7426 3146265.7224 4099280.6963
3989226.6701 3150041.6789 4098829.7530
3985564.7583 3153835.2985 4098407.4823
3981935.3563 3157653.3345 4098022.5986
3978346.7778 3161502.5687 4097683.8081
3974807.3003 3165389.8106 4097399.8088
3971325.1657 3169321.8980 4097179.2900
3967908.5797 3173305.6964 4097030.9330
3965614.1991 3171470.7824 4102101.2929
3965614.1991 3171470.7824 4102101.2929
3969039.6818 3167497.9642 4102261.1446
3972528.3848 3163574.9664 4102490.8476
3976072.1178 3159694.9476 4102781.7273
3979662.6546 3155851.0943 4103125.1006
3983291.7334 3152036.6208 4103512.2760
3986951.0564 3148244.7697 4103934.5539
3990632.2903 3144468.8114 4104383.2260
3994327.0660 3140702.0446 4104849.5758
3998026.9786 3136937.7962 4105324.8781
4001723.5878 3133169.4215 4105800.3996
4005408.4175 3129390.3044 4106267.3982
4009072.9560 3125593.8571 4106717.1233
4012708.6562 3121773.5206 4107140.8158
4016306.9353 3117922.7645 4107529.7081
4019859.1751 3114035.0874 4107875.0237
4023356.7219 3110104.0167 4108167.9777
4026790.8865 3106123.1089 4108399.7765
4030152.9445 3102085.9493 4108561.6177
4033434.1358 3097986.1529 4108644.6902
4036625.6653 3093817.3635 4108640.1741
